# timestamp x y z q0 q1 q2 q3
0.100000000 0.000000 0.000000 0.000000 0.000000 0.000000 0.000000 1.000000
0.100000000 0.000000 0.000000 0.000000 0.000000 0.000000 0.000000 1.000000
0.100000000 0.000000 0.000000 0.000000 0.000000 0.000000 0.000000 1.000000
0.100000000 0.000000 0.000000 0.000000 0.000000 0.000000 0.000000 1.000000
0.100000000 0.000000 0.000000 0.000000 0.000000 0.000000 0.000000 1.000000
0.100000000 0.000000 0.000000 0.000000 0.000000 0.000000 0.000000 1.000000
0.100000000 0.000000 0.000000 0.000000 0.000000 0.000000 0.000000 1.000000
0.800000000 -0.000017 -0.000004 0.000000 0.000000 0.000000 0.000000 1.000000
0.800000000 -0.000017 -0.000004 0.000000 0.000000 0.000000 0.000000 1.000000
0.800000000 -0.000017 -0.000004 0.000000 0.000000 0.000000 0.000000 1.000000
0.800000000 -0.000017 -0.000004 0.000000 0.000000 0.000000 0.000000 1.000000
1.200000000 -0.000016 -0.000004 0.000000 0.000000 0.000000 0.000000 1.000000
1.200000000 -0.000016 -0.000004 0.000000 0.000000 0.000000 0.000000 1.000000
1.400000000 -0.000014 -0.000001 0.000000 0.000000 0.000000 0.000000 1.000000
1.400000000 -0.000014 -0.000001 0.000000 0.000000 0.000000 0.000000 1.000000
1.600000000 -0.000014 -0.000002 0.000000 0.000000 0.000000 0.000000 1.000000
1.600000000 -0.000014 -0.000002 0.000000 0.000000 0.000000 0.000000 1.000000
1.800000000 -0.000015 0.000020 0.000000 0.000000 0.000000 0.000000 1.000000
1.800000000 -0.000015 0.000020 0.000000 0.000000 0.000000 0.000000 1.000000
2.000000000 -0.000015 0.000017 0.000000 0.000000 0.000000 0.000000 1.000000
2.100000000 -0.000014 0.000017 0.000000 0.000000 0.000000 0.000000 1.000000
2.100000000 -0.000014 0.000017 0.000000 0.000000 0.000000 0.000000 1.000000
2.300000000 -0.000013 0.000014 0.000000 0.000000 0.000000 0.000000 1.000000
2.400000000 -0.000018 0.000043 0.000000 0.000000 0.000000 0.000000 1.000000
2.500000000 -0.000021 0.000043 0.000000 0.000000 0.000000 0.000000 1.000000
2.600000000 -0.000021 0.000041 0.000000 0.000000 0.000000 0.000000 1.000000
2.600000000 -0.000021 0.000041 0.000000 0.000000 0.000000 0.000000 1.000000
2.800000000 -0.000023 0.000038 0.000000 0.000000 0.000000 0.000000 1.000000
2.900000000 -0.000060 0.000063 0.000000 0.000000 0.000000 0.000000 1.000000
3.000000000 -0.000058 0.000065 0.000000 0.000000 0.000000 0.000000 1.000000
3.100000000 -0.000056 0.000071 0.000000 0.000000 0.000000 0.000000 1.000000
3.200000000 -0.000063 0.000068 0.000000 0.000000 0.000000 0.000000 1.000000
3.300000000 -0.000061 0.000069 0.000000 0.000000 0.000000 0.000000 1.000000
3.400000000 -0.000060 0.000070 0.000000 0.000000 0.000000 0.000000 1.000000
3.500000000 -0.000094 0.000143 0.000000 0.000000 0.000000 0.000000 1.000000
3.600000000 -0.000097 0.000140 0.000000 0.000000 0.000000 0.000000 1.000000
3.700000000 -0.000100 0.000155 0.000000 0.000000 0.000000 0.000000 1.000000
3.800000000 -0.000095 0.000155 0.000000 0.000000 0.000000 0.000000 1.000000
3.900000000 -0.000094 0.000153 0.000000 0.000000 0.000000 0.000000 1.000000
4.000000000 -0.000094 0.000149 0.000000 0.000000 0.000000 0.000000 1.000000
4.100000000 -0.000094 0.000150 0.000000 0.000000 0.000000 0.000000 1.000000
4.200000000 -0.000093 0.000151 0.000000 0.000000 0.000000 0.000000 1.000000
4.300000000 -0.000124 0.000205 0.000000 0.000000 0.000000 0.000000 1.000000
4.400000000 -0.000124 0.000200 0.000000 0.000000 0.000000 0.000000 1.000000
4.500000000 -0.000129 0.000197 0.000000 0.000000 0.000000 0.000000 1.000000
4.600000000 -0.000128 0.000196 0.000000 0.000000 0.000000 0.000000 1.000000
4.700000000 -0.000125 0.000199 0.000000 0.000000 0.000000 0.000000 1.000000
4.800000000 -0.000122 0.000212 0.000000 0.000000 0.000000 0.000000 1.000000
4.900000000 -0.000146 0.000235 0.000000 0.000000 0.000000 0.000000 1.000000
5.000000000 -0.000145 0.000238 0.000000 0.000000 0.000000 0.000000 1.000000
5.100000000 -0.000139 0.000281 0.000000 0.000000 0.000000 0.000000 1.000000
5.200000000 -0.000138 0.000286 0.000000 0.000000 0.000000 0.000000 1.000000
5.300000000 -0.000141 0.000285 0.000000 0.000000 0.000000 0.000000 1.000000
5.400000000 -0.000173 0.000318 0.000000 0.000000 0.000000 0.000000 1.000000
5.500000000 -0.000171 0.000314 0.000000 0.000000 0.000000 0.000000 1.000000
5.600000000 -0.000171 0.000327 0.000000 0.000000 0.000000 0.000000 1.000000
5.700000000 -0.000172 0.000326 0.000000 0.000000 0.000000 0.000000 1.000000
5.800000000 -0.000169 0.000329 0.000000 0.000000 0.000000 0.000000 1.000000
5.900000000 -0.000171 0.000388 0.000000 0.000000 0.000000 0.000000 1.000000
6.000000000 -0.000198 0.000391 0.000000 0.000000 0.000000 0.000000 1.000000
6.100000000 -0.000201 0.000402 0.000000 0.000000 0.000000 0.000000 1.000000
6.200000000 -0.000212 0.000460 0.000000 0.000000 0.000000 0.000000 1.000000
6.300000000 -0.000243 0.000479 0.000000 0.000000 0.000000 0.000000 1.000000
6.400000000 -0.000263 0.000472 0.000000 0.000000 0.000000 0.000000 1.000000
6.500000000 -0.000262 0.000475 0.000000 0.000000 0.000000 0.000000 1.000000
6.600000000 -0.000262 0.000487 0.000000 0.000000 0.000000 0.000000 1.000000
6.700000000 -0.000274 0.000710 0.000000 0.000000 0.000000 0.000000 1.000000
6.800000000 -0.000273 0.000710 0.000000 0.000000 0.000000 0.000000 1.000000
6.900000000 -0.000290 0.000698 0.000000 0.000000 0.000000 0.000000 1.000000
7.000000000 -0.000289 0.000698 0.000000 0.000000 0.000000 0.000000 1.000000
7.100000000 -0.000331 0.000784 0.000000 0.000000 0.000000 0.000000 1.000000
7.200000000 -0.000334 0.000793 0.000000 0.000000 0.000000 0.000000 1.000000
7.300000000 -0.000332 0.000794 0.000000 0.000000 0.000000 0.000000 1.000000
7.400000000 -0.000346 0.000857 0.000000 0.000000 0.000000 0.000000 1.000000
7.500000000 -0.000338 0.000917 0.000000 0.000000 0.000000 0.000000 1.000000
7.600000000 -0.000349 0.001043 0.000000 0.000000 0.000000 0.000000 1.000000
7.700000000 -0.000382 0.001066 0.000000 0.000000 0.000000 0.000000 1.000000
7.800000000 -0.000390 0.001093 0.000000 0.000000 0.000000 0.000000 1.000000
7.900000000 -0.000404 0.001090 0.000000 0.000000 0.000000 0.000000 1.000000
8.000000000 -0.000426 0.001168 0.000000 0.000000 0.000000 0.000000 1.000000
8.100000000 -0.000434 0.001195 0.000000 0.000000 0.000000 0.000000 1.000000
8.200000000 -0.000426 0.001340 0.000000 0.000000 0.000000 0.000000 1.000000
8.300000000 -0.000425 0.001340 0.000000 0.000000 0.000000 0.000000 1.000000
8.400000000 -0.000479 0.001467 0.000000 0.000000 0.000000 0.000000 1.000000
8.500000000 -0.000473 0.001206 0.000000 0.000000 0.000000 0.000000 1.000000
8.600000000 -0.000523 0.001211 0.000000 0.000000 0.000000 0.000000 1.000000
8.700000000 -0.000841 0.001384 0.000000 0.000000 0.000000 0.000000 1.000000
8.800000000 -0.004328 0.001103 0.000000 0.000000 0.000000 0.000000 1.000000
8.900000000 -0.011452 0.000626 0.000000 0.000000 0.000000 0.000000 1.000000
9.000000000 -0.022292 -0.000179 0.000000 0.000000 0.000000 0.000000 1.000000
9.100000000 -0.036593 -0.001297 0.000000 0.000000 0.000000 0.000000 1.000000
9.200000000 -0.054509 -0.002541 0.000000 0.000000 0.000000 0.000000 1.000000
9.300000000 -0.075959 -0.003773 0.000000 0.000000 0.000000 0.000000 1.000000
9.400000000 -0.100733 -0.004780 0.000000 0.000000 0.000000 0.000000 1.000000
9.500000000 -0.128668 -0.005040 0.000000 0.000000 0.000000 0.000299 1.000000
9.600000000 -0.159427 -0.004200 0.000000 0.000000 0.000000 0.000756 1.000000
9.700000000 -0.192753 -0.002208 0.000000 0.000000 0.000000 0.001328 0.999999
9.800000000 -0.228529 0.000179 0.000000 0.000000 0.000000 0.001997 0.999998
9.900000000 -0.266889 0.002737 0.000000 0.000000 0.000000 0.002788 0.999996
10.000000000 -0.308318 0.004371 0.000000 0.000000 0.000000 0.003749 0.999993
10.100000000 -0.353129 0.005632 0.000000 0.000000 0.000000 0.004813 0.999988
10.200000000 -0.399256 0.006652 0.000000 0.000000 0.000000 0.006046 0.999982
10.300000000 -0.445466 0.007695 0.000000 0.000000 0.000000 0.007427 0.999972
10.400000000 -0.491906 0.008352 0.000000 0.000000 0.000000 0.008942 0.999960
10.500000000 -0.538226 0.008792 0.000000 0.000000 0.000000 0.010589 0.999944
10.600000000 -0.584353 0.009344 0.000000 0.000000 0.000000 0.012332 0.999924
10.700000000 -0.630477 0.010209 0.000000 0.000000 0.000000 0.014199 0.999899
10.800000000 -0.676519 0.010930 0.000000 0.000000 0.000000 0.016137 0.999870
10.900000000 -0.722692 0.011565 0.000000 0.000000 0.000000 0.018194 0.999834
11.000000000 -0.768729 0.012256 0.000000 0.000000 0.000000 0.020308 0.999794
11.100000000 -0.815126 0.012538 0.000000 0.000000 0.000000 0.022443 0.999748
11.200000000 -0.861555 0.012263 0.000000 0.000000 0.000000 0.024591 0.999698
11.300000000 -0.907550 0.012747 0.000000 0.000000 0.000000 0.026821 0.999640
11.400000000 -0.953440 0.013377 0.000000 0.000000 0.000000 0.029091 0.999577
11.500000000 -0.999660 0.013588 0.000000 0.000000 0.000000 0.031367 0.999508
11.600000000 -1.046100 0.013623 0.000000 0.000000 0.000000 0.033643 0.999434
11.700000000 -1.092504 0.013686 0.000000 0.000000 0.000000 0.035913 0.999355
11.800000000 -1.138757 0.014016 0.000000 0.000000 0.000000 0.038221 0.999269
11.900000000 -1.185332 0.014075 0.000000 0.000000 0.000000 0.040490 0.999180
12.000000000 -1.231532 0.014727 0.000000 0.000000 0.000000 0.042810 0.999083
12.100000000 -1.277589 0.015549 0.000000 0.000000 0.000000 0.045105 0.998982
12.200000000 -1.323689 0.016810 0.000000 0.000000 0.000000 0.047405 0.998876
12.300000000 -1.370048 0.017417 0.000000 0.000000 0.000000 0.049627 0.998768
12.400000000 -1.416437 0.017989 0.000000 0.000000 0.000000 0.051801 0.998657
12.500000000 -1.462869 0.018418 0.000000 0.000000 0.000000 0.053926 0.998545
12.600000000 -1.509195 0.019023 0.000000 0.000000 0.000000 0.056023 0.998429
12.700000000 -1.555803 0.020234 0.000000 0.000000 0.000000 0.058169 0.998307
12.800000000 -1.605601 0.020798 0.000000 0.000000 0.000000 0.060273 0.998182
12.900000000 -1.658675 0.020590 0.000000 0.000000 0.000000 0.062348 0.998054
13.000000000 -1.715596 0.019494 0.000000 0.000000 0.000000 0.064408 0.997924
13.100000000 -1.775915 0.017724 0.000000 0.000000 0.000000 0.066489 0.997787
13.200000000 -1.839484 0.015556 0.000000 0.000000 0.000000 0.068592 0.997645
13.300000000 -1.906401 0.012824 0.000000 0.000000 0.000000 0.070750 0.997494
13.400000000 -1.976613 0.009647 0.000000 0.000000 0.000000 0.072955 0.997335
13.500000000 -2.050548 0.005986 0.000000 0.000000 0.000000 0.075251 0.997165
13.600000000 -2.127493 0.002027 0.000000 0.000000 0.000000 0.077612 0.996984
13.700000000 -2.207827 -0.002593 0.000000 0.000000 0.000000 0.080039 0.996792
13.800000000 -2.291569 -0.007208 0.000000 0.000000 0.000000 0.082574 0.996585
13.900000000 -2.378597 -0.012197 0.000000 0.000000 0.000000 0.085217 0.996362
14.000000000 -2.468907 -0.017113 0.000000 0.000000 0.000000 0.087941 0.996126
14.100000000 -2.562492 -0.022160 0.000000 0.000000 0.000000 0.090788 0.995870
14.200000000 -2.659391 -0.027330 0.000000 0.000000 0.000000 0.093725 0.995598
14.300000000 -2.759611 -0.032807 0.000000 0.000000 0.000000 0.096721 0.995312
14.400000000 -2.863135 -0.038614 0.000000 0.000000 0.000000 0.099814 0.995006
14.500000000 -2.969935 -0.044766 0.000000 0.000000 0.000000 0.102971 0.994684
14.600000000 -3.080046 -0.051436 0.000000 0.000000 0.000000 0.106183 0.994347
14.700000000 -3.193247 -0.058845 0.000000 0.000000 0.000000 0.109444 0.993993
14.800000000 -3.309825 -0.066922 0.000000 0.000000 0.000000 0.112744 0.993624
14.900000000 -3.429661 -0.075700 0.000000 0.000000 0.000000 0.116056 0.993243
15.000000000 -3.552610 -0.085177 0.000000 0.000000 0.000000 0.119358 0.992851
15.100000000 -3.678755 -0.095745 0.000000 0.000000 0.000000 0.122668 0.992448
15.200000000 -3.808213 -0.107035 0.000000 0.000000 0.000000 0.125932 0.992039
15.300000000 -3.940866 -0.119102 0.000000 0.000000 0.000000 0.129167 0.991623
15.400000000 -4.076810 -0.132238 0.000000 0.000000 0.000000 0.132341 0.991204
15.500000000 -4.215815 -0.145955 0.000000 0.000000 0.000000 0.135435 0.990786
15.600000000 -4.358215 -0.160898 0.000000 0.000000 0.000000 0.138508 0.990361
15.700000000 -4.503544 -0.176899 0.000000 0.000000 0.000000 0.141498 0.989939
15.800000000 -4.649454 -0.192814 0.000000 0.000000 0.000000 0.144367 0.989524
15.900000000 -4.795407 -0.208900 0.000000 0.000000 0.000000 0.147095 0.989122
16.000000000 -4.941268 -0.225124 0.000000 0.000000 0.000000 0.149627 0.988743
16.100000000 -5.087179 -0.241758 0.000000 0.000000 0.000000 0.151948 0.988388
16.200000000 -5.233027 -0.258692 0.000000 0.000000 0.000000 0.154072 0.988060
16.300000000 -5.378876 -0.275836 0.000000 0.000000 0.000000 0.156009 0.987756
16.400000000 -5.524855 -0.293460 0.000000 0.000000 0.000000 0.157781 0.987474
16.500000000 -5.671011 -0.311225 0.000000 0.000000 0.000000 0.159343 0.987223
16.600000000 -5.817294 -0.329374 0.000000 0.000000 0.000000 0.160717 0.987001
16.700000000 -5.963578 -0.347428 0.000000 0.000000 0.000000 0.161897 0.986808
16.800000000 -6.110068 -0.365816 0.000000 0.000000 0.000000 0.162905 0.986642
16.900000000 -6.256535 -0.384483 0.000000 0.000000 0.000000 0.163740 0.986504
17.000000000 -6.403020 -0.403151 0.000000 0.000000 0.000000 0.164377 0.986398
17.100000000 -6.549433 -0.421987 0.000000 0.000000 0.000000 0.164827 0.986322
17.200000000 -6.695884 -0.440687 0.000000 0.000000 0.000000 0.165208 0.986259
17.300000000 -6.842187 -0.459422 0.000000 0.000000 0.000000 0.165449 0.986218
17.400000000 -6.988670 -0.478029 0.000000 0.000000 0.000000 0.165619 0.986190
17.500000000 -7.134928 -0.496523 0.000000 0.000000 0.000000 0.165619 0.986190
17.600000000 -7.281124 -0.515252 0.000000 0.000000 0.000000 0.165789 0.986161
17.700000000 -7.427377 -0.533921 0.000000 0.000000 0.000000 0.165789 0.986161
17.800000000 -7.573770 -0.552351 0.000000 0.000000 0.000000 0.165789 0.986161
17.900000000 -7.719692 -0.571002 0.000000 0.000000 0.000000 0.165619 0.986190
18.000000000 -7.865687 -0.589527 0.000000 0.000000 0.000000 0.165619 0.986190
18.100000000 -8.011625 -0.608297 0.000000 0.000000 0.000000 0.165449 0.986218
18.200000000 -8.157559 -0.627002 0.000000 0.000000 0.000000 0.165279 0.986247
18.300000000 -8.303383 -0.645585 0.000000 0.000000 0.000000 0.165279 0.986247
18.400000000 -8.449191 -0.664451 0.000000 0.000000 0.000000 0.165279 0.986247
18.500000000 -8.594864 -0.683050 0.000000 0.000000 0.000000 0.165108 0.986275
18.600000000 -8.740471 -0.701837 0.000000 0.000000 0.000000 0.164938 0.986304
18.700000000 -8.886143 -0.720482 0.000000 0.000000 0.000000 0.164768 0.986332
18.800000000 -9.031735 -0.739392 0.000000 0.000000 0.000000 0.164597 0.986361
18.900000000 -9.177293 -0.758016 0.000000 0.000000 0.000000 0.164427 0.986389
19.000000000 -9.322711 -0.776892 0.000000 0.000000 0.000000 0.164257 0.986418
19.100000000 -9.468040 -0.795645 0.000000 0.000000 0.000000 0.164016 0.986458
19.200000000 -9.613461 -0.814384 0.000000 0.000000 0.000000 0.164016 0.986458
19.300000000 -9.758727 -0.833079 0.000000 0.000000 0.000000 0.164016 0.986458
19.400000000 -9.904118 -0.851780 0.000000 0.000000 0.000000 0.163846 0.986486
19.500000000 -10.049478 -0.870354 0.000000 0.000000 0.000000 0.163846 0.986486
19.600000000 -10.194731 -0.889030 0.000000 0.000000 0.000000 0.163846 0.986486
19.700000000 -10.339905 -0.907714 0.000000 0.000000 0.000000 0.163846 0.986486
19.800000000 -10.485139 -0.926441 0.000000 0.000000 0.000000 0.163846 0.986486
19.900000000 -10.630245 -0.945213 0.000000 0.000000 0.000000 0.163846 0.986486
20.000000000 -10.775337 -0.964084 0.000000 0.000000 0.000000 0.163846 0.986486
20.100000000 -10.920387 -0.982875 0.000000 0.000000 0.000000 0.163846 0.986486
20.200000000 -11.065305 -1.001733 0.000000 0.000000 0.000000 0.163675 0.986514
20.300000000 -11.210323 -1.020534 0.000000 0.000000 0.000000 0.163675 0.986514
20.400000000 -11.355304 -1.039247 0.000000 0.000000 0.000000 0.163675 0.986514
20.500000000 -11.500222 -1.058053 0.000000 0.000000 0.000000 0.163675 0.986514
20.600000000 -11.645059 -1.076872 0.000000 0.000000 0.000000 0.163675 0.986514
20.700000000 -11.789964 -1.095550 0.000000 0.000000 0.000000 0.163675 0.986514
20.800000000 -11.934777 -1.114256 0.000000 0.000000 0.000000 0.163505 0.986542
20.900000000 -12.078631 -1.132546 0.000000 0.000000 0.000000 0.163505 0.986542
21.000000000 -12.219290 -1.149734 0.000000 0.000000 0.000000 0.163505 0.986542
21.100000000 -12.356721 -1.165555 0.000000 0.000000 0.000000 0.163335 0.986571
21.200000000 -12.491086 -1.179966 0.000000 0.000000 0.000000 0.163165 0.986599
21.300000000 -12.622332 -1.193027 0.000000 0.000000 0.000000 0.162870 0.986648
21.400000000 -12.750500 -1.204984 0.000000 0.000000 0.000000 0.162489 0.986710
21.500000000 -12.875745 -1.215870 0.000000 0.000000 0.000000 0.162071 0.986779
21.600000000 -12.998035 -1.225629 0.000000 0.000000 0.000000 0.161434 0.986884
21.700000000 -13.117107 -1.234675 0.000000 0.000000 0.000000 0.160653 0.987011
21.800000000 -13.233151 -1.242763 0.000000 0.000000 0.000000 0.159689 0.987167
21.900000000 -13.345957 -1.250322 0.000000 0.000000 0.000000 0.158508 0.987358
22.000000000 -13.455435 -1.257277 0.000000 0.000000 0.000000 0.157113 0.987581
22.100000000 -13.561618 -1.263538 0.000000 0.000000 0.000000 0.155560 0.987826
22.200000000 -13.664538 -1.268931 0.000000 0.000000 0.000000 0.153880 0.988090
22.300000000 -13.764184 -1.273491 0.000000 0.000000 0.000000 0.152058 0.988372
22.400000000 -13.860492 -1.277122 0.000000 0.000000 0.000000 0.150098 0.988671
22.500000000 -13.953563 -1.279758 0.000000 0.000000 0.000000 0.148035 0.988982
22.600000000 -14.043277 -1.281505 0.000000 0.000000 0.000000 0.145889 0.989301
22.700000000 -14.129845 -1.282292 0.000000 0.000000 0.000000 0.143616 0.989633
22.800000000 -14.213209 -1.282479 0.000000 0.000000 0.000000 0.141236 0.989976
22.900000000 -14.293113 -1.281847 0.000000 0.000000 0.000000 0.138771 0.990325
23.000000000 -14.369734 -1.280817 0.000000 0.000000 0.000000 0.136235 0.990677
23.100000000 -14.443018 -1.278941 0.000000 0.000000 0.000000 0.133629 0.991031
23.200000000 -14.512998 -1.275884 0.000000 0.000000 0.000000 0.130956 0.991388
23.300000000 -14.579968 -1.272449 0.000000 0.000000 0.000000 0.128244 0.991743
23.400000000 -14.643529 -1.268254 0.000000 0.000000 0.000000 0.125483 0.992096
23.500000000 -14.703842 -1.263281 0.000000 0.000000 0.000000 0.122658 0.992449
23.600000000 -14.760809 -1.257745 0.000000 0.000000 0.000000 0.119791 0.992799
23.700000000 -14.814718 -1.250660 0.000000 0.000000 0.000000 0.116897 0.993144
23.800000000 -14.865669 -1.242475 0.000000 0.000000 0.000000 0.113951 0.993486
23.900000000 -14.913536 -1.232674 0.000000 0.000000 0.000000 0.110966 0.993824
24.000000000 -14.958317 -1.221753 0.000000 0.000000 0.000000 0.107920 0.994160
24.100000000 -14.999931 -1.210672 0.000000 0.000000 0.000000 0.104816 0.994492
24.200000000 -15.038557 -1.198243 0.000000 0.000000 0.000000 0.101581 0.994827
24.300000000 -15.073480 -1.185350 0.000000 0.000000 0.000000 0.098363 0.995151
24.400000000 -15.105268 -1.172148 0.000000 0.000000 0.000000 0.095084 0.995469
24.500000000 -15.133559 -1.157678 0.000000 0.000000 0.000000 0.091686 0.995788
24.600000000 -15.158496 -1.142704 0.000000 0.000000 0.000000 0.088277 0.996096
24.700000000 -15.179922 -1.127094 0.000000 0.000000 0.000000 0.084803 0.996398
24.800000000 -15.198135 -1.110817 0.000000 0.000000 0.000000 0.081278 0.996692
24.900000000 -15.212627 -1.093973 0.000000 0.000000 0.000000 0.077643 0.996981
25.000000000 -15.223668 -1.076755 0.000000 0.000000 0.000000 0.074057 0.997254
25.100000000 -15.231263 -1.059620 0.000000 0.000000 0.000000 0.070503 0.997512
25.200000000 -15.235221 -1.042142 0.000000 0.000000 0.000000 0.066961 0.997756
25.300000000 -15.235793 -1.024230 0.000000 0.000000 0.000000 0.063427 0.997986
25.400000000 -15.232805 -1.005452 0.000000 0.000000 0.000000 0.059691 0.998217
25.500000000 -15.226462 -0.986654 0.000000 0.000000 0.000000 0.055900 0.998436
25.600000000 -15.216409 -0.967235 0.000000 0.000000 0.000000 0.052115 0.998641
25.700000000 -15.202985 -0.947567 0.000000 0.000000 0.000000 0.048349 0.998830
25.800000000 -15.186090 -0.927862 0.000000 0.000000 0.000000 0.044679 0.999001
25.900000000 -15.166029 -0.907912 0.000000 0.000000 0.000000 0.040980 0.999160
26.000000000 -15.142571 -0.887825 0.000000 0.000000 0.000000 0.037212 0.999307
26.100000000 -15.115929 -0.867126 0.000000 0.000000 0.000000 0.033472 0.999440
26.200000000 -15.085821 -0.846290 0.000000 0.000000 0.000000 0.029637 0.999561
26.300000000 -15.052233 -0.825500 0.000000 0.000000 0.000000 0.025751 0.999668
26.400000000 -15.015098 -0.803954 0.000000 0.000000 0.000000 0.021719 0.999764
26.500000000 -14.974673 -0.782837 0.000000 0.000000 0.000000 0.017612 0.999845
26.600000000 -14.930937 -0.761843 0.000000 0.000000 0.000000 0.013384 0.999910
26.700000000 -14.884089 -0.741234 0.000000 0.000000 0.000000 0.008923 0.999960
26.800000000 -14.834277 -0.720898 0.000000 0.000000 0.000000 0.004227 0.999991
26.900000000 -14.781211 -0.700753 0.000000 0.000000 0.000000 -0.000601 1.000000
27.000000000 -14.724897 -0.680150 0.000000 0.000000 0.000000 -0.005646 0.999984
27.100000000 -14.665362 -0.659702 0.000000 0.000000 0.000000 -0.010853 0.999941
27.200000000 -14.602418 -0.638626 0.000000 0.000000 0.000000 -0.016326 0.999867
27.300000000 -14.536374 -0.617394 0.000000 0.000000 0.000000 -0.022032 0.999757
27.400000000 -14.466877 -0.596260 0.000000 0.000000 0.000000 -0.028077 0.999606
27.500000000 -14.394112 -0.575626 0.000000 0.000000 0.000000 -0.034464 0.999406
27.600000000 -14.318022 -0.556153 0.000000 0.000000 0.000000 -0.041216 0.999150
27.700000000 -14.237658 -0.538291 0.000000 0.000000 0.000000 -0.048431 0.998827
27.800000000 -14.153384 -0.521183 0.000000 0.000000 0.000000 -0.056117 0.998424
27.900000000 -14.066367 -0.503254 0.000000 0.000000 0.000000 -0.064439 0.997922
28.000000000 -13.978727 -0.486260 0.000000 0.000000 0.000000 -0.073404 0.997302
28.100000000 -13.890038 -0.470517 0.000000 0.000000 0.000000 -0.082897 0.996558
28.200000000 -13.801022 -0.456433 0.000000 0.000000 0.000000 -0.092877 0.995678
28.300000000 -13.711985 -0.443015 0.000000 0.000000 0.000000 -0.103295 0.994651
28.400000000 -13.623023 -0.429501 0.000000 0.000000 0.000000 -0.114178 0.993460
28.500000000 -13.533791 -0.415113 0.000000 0.000000 0.000000 -0.125565 0.992085
28.600000000 -13.445280 -0.399694 0.000000 0.000000 0.000000 -0.137448 0.990509
28.700000000 -13.357086 -0.385023 0.000000 0.000000 0.000000 -0.149911 0.988699
28.800000000 -13.268675 -0.371499 0.000000 0.000000 0.000000 -0.162851 0.986651
28.900000000 -13.180247 -0.359779 0.000000 0.000000 0.000000 -0.176221 0.984351
29.000000000 -13.091619 -0.348999 0.000000 0.000000 0.000000 -0.189941 0.981796
29.100000000 -13.003516 -0.337676 0.000000 0.000000 0.000000 -0.204247 0.978919
29.200000000 -12.916140 -0.328878 0.000000 0.000000 0.000000 -0.219211 0.975678
29.300000000 -12.830043 -0.320313 0.000000 0.000000 0.000000 -0.234608 0.972090
29.400000000 -12.748342 -0.309267 0.000000 0.000000 0.000000 -0.250152 0.968207
29.500000000 -12.669478 -0.297969 0.000000 0.000000 0.000000 -0.266100 0.963945
29.600000000 -12.592953 -0.286190 0.000000 0.000000 0.000000 -0.282180 0.959362
29.700000000 -12.519095 -0.276314 0.000000 0.000000 0.000000 -0.298365 0.954452
29.800000000 -12.447546 -0.263263 0.000000 0.000000 0.000000 -0.314599 0.949225
29.900000000 -12.379210 -0.249408 0.000000 0.000000 0.000000 -0.330849 0.943684
30.000000000 -12.313041 -0.233386 0.000000 0.000000 0.000000 -0.347118 0.937821
30.100000000 -12.248651 -0.215599 0.000000 0.000000 0.000000 -0.363317 0.931666
30.200000000 -12.187786 -0.195807 0.000000 0.000000 0.000000 -0.379368 0.925246
30.300000000 -12.128835 -0.175026 0.000000 0.000000 0.000000 -0.395416 0.918502
30.400000000 -12.072733 -0.150963 0.000000 0.000000 0.000000 -0.411354 0.911476
30.500000000 -12.019176 -0.123483 0.000000 0.000000 0.000000 -0.427163 0.904175
30.600000000 -11.968699 -0.090677 0.000000 0.000000 0.000000 -0.442917 0.896563
30.700000000 -11.920837 -0.052304 0.000000 0.000000 0.000000 -0.458504 0.888692
30.800000000 -11.874936 -0.009421 0.000000 0.000000 0.000000 -0.473997 0.880526
30.900000000 -11.830947 0.037546 0.000000 0.000000 0.000000 -0.489314 0.872108
31.000000000 -11.789301 0.087979 0.000000 0.000000 0.000000 -0.504511 0.863405
31.100000000 -11.749528 0.141601 0.000000 0.000000 0.000000 -0.519578 0.854423
31.200000000 -11.711493 0.200425 0.000000 0.000000 0.000000 -0.534553 0.845135
31.300000000 -11.675351 0.262057 0.000000 0.000000 0.000000 -0.549436 0.835536
31.400000000 -11.640166 0.326534 0.000000 0.000000 0.000000 -0.564264 0.825594
31.500000000 -11.605751 0.393539 0.000000 0.000000 0.000000 -0.579112 0.815248
31.600000000 -11.572719 0.465401 0.000000 0.000000 0.000000 -0.593941 0.804509
31.700000000 -11.541381 0.540392 0.000000 0.000000 0.000000 -0.608821 0.793308
31.800000000 -11.510864 0.616778 0.000000 0.000000 0.000000 -0.623798 0.781586
31.900000000 -11.481709 0.695071 0.000000 0.000000 0.000000 -0.638831 0.769347
32.000000000 -11.453251 0.778311 0.000000 0.000000 0.000000 -0.653722 0.756735
32.100000000 -11.423688 0.862279 0.000000 0.000000 0.000000 -0.668409 0.743794
32.200000000 -11.395265 0.947913 0.000000 0.000000 0.000000 -0.682508 0.730878
32.300000000 -11.366351 1.031667 0.000000 0.000000 0.000000 -0.696241 0.717808
32.400000000 -11.337026 1.114494 0.000000 0.000000 0.000000 -0.709345 0.704862
32.500000000 -11.307139 1.193519 0.000000 0.000000 0.000000 -0.721927 0.691969
32.600000000 -11.277906 1.272743 0.000000 0.000000 0.000000 -0.733863 0.679298
32.700000000 -11.248885 1.347547 0.000000 0.000000 0.000000 -0.745117 0.666933
32.800000000 -11.220160 1.423757 0.000000 0.000000 0.000000 -0.755836 0.654760
32.900000000 -11.191613 1.499447 0.000000 0.000000 0.000000 -0.765924 0.642931
33.000000000 -11.162173 1.575169 0.000000 0.000000 0.000000 -0.775423 0.631442
33.100000000 -11.132043 1.650523 0.000000 0.000000 0.000000 -0.784343 0.620328
33.200000000 -11.102270 1.724936 0.000000 0.000000 0.000000 -0.792794 0.609490
33.300000000 -11.072775 1.799883 0.000000 0.000000 0.000000 -0.800783 0.598955
33.400000000 -11.043866 1.873943 0.000000 0.000000 0.000000 -0.808190 0.588922
33.500000000 -11.013297 1.947364 0.000000 0.000000 0.000000 -0.815169 0.579223
33.600000000 -10.982272 2.021440 0.000000 0.000000 0.000000 -0.821738 0.569866
33.700000000 -10.950946 2.096267 0.000000 0.000000 0.000000 -0.827922 0.560843
33.800000000 -10.918818 2.173104 0.000000 0.000000 0.000000 -0.833749 0.552143
33.900000000 -10.885946 2.254215 0.000000 0.000000 0.000000 -0.839201 0.543821
34.000000000 -10.851327 2.339335 0.000000 0.000000 0.000000 -0.844240 0.535965
34.100000000 -10.814352 2.428247 0.000000 0.000000 0.000000 -0.848753 0.528789
34.200000000 -10.775627 2.520867 0.000000 0.000000 0.000000 -0.852838 0.522175
34.300000000 -10.735413 2.616466 0.000000 0.000000 0.000000 -0.856539 0.516082
34.400000000 -10.692320 2.715309 0.000000 0.000000 0.000000 -0.859752 0.510712
34.500000000 -10.646460 2.817657 0.000000 0.000000 0.000000 -0.862388 0.506248
34.600000000 -10.599864 2.922861 0.000000 0.000000 0.000000 -0.864501 0.502630
34.700000000 -10.550654 3.030926 0.000000 0.000000 0.000000 -0.866104 0.499864
34.800000000 -10.496938 3.142162 0.000000 0.000000 0.000000 -0.867044 0.498232
34.900000000 -10.443258 3.256288 0.000000 0.000000 0.000000 -0.867302 0.497783
35.000000000 -10.384324 3.373218 0.000000 0.000000 0.000000 -0.866863 0.498546
35.100000000 -10.325639 3.492623 0.000000 0.000000 0.000000 -0.865521 0.500872
35.200000000 -10.260660 3.614145 0.000000 0.000000 0.000000 -0.863239 0.504795
35.300000000 -10.196696 3.738060 0.000000 0.000000 0.000000 -0.859924 0.510421
35.400000000 -10.127185 3.865188 0.000000 0.000000 0.000000 -0.855776 0.517347
35.500000000 -10.056414 3.994198 0.000000 0.000000 0.000000 -0.851041 0.525100
35.600000000 -9.985789 4.125571 0.000000 0.000000 0.000000 -0.845835 0.533445
35.700000000 -9.913514 4.259357 0.000000 0.000000 0.000000 -0.840257 0.542188
35.800000000 -9.840643 4.396073 0.000000 0.000000 0.000000 -0.834545 0.550939
35.900000000 -9.767445 4.535305 0.000000 0.000000 0.000000 -0.828898 0.559400
36.000000000 -9.693291 4.675668 0.000000 0.000000 0.000000 -0.823444 0.567397
36.100000000 -9.617838 4.817123 0.000000 0.000000 0.000000 -0.818282 0.574816
36.200000000 -9.542439 4.960027 0.000000 0.000000 0.000000 -0.813424 0.581672
36.300000000 -9.468434 5.103395 0.000000 0.000000 0.000000 -0.808874 0.587983
36.400000000 -9.395632 5.245855 0.000000 0.000000 0.000000 -0.804798 0.593549
36.500000000 -9.323570 5.387583 0.000000 0.000000 0.000000 -0.801273 0.598299
36.600000000 -9.250660 5.530937 0.000000 0.000000 0.000000 -0.798243 0.602336
36.700000000 -9.177775 5.675901 0.000000 0.000000 0.000000 -0.795568 0.605865
36.800000000 -9.106041 5.820829 0.000000 0.000000 0.000000 -0.793213 0.608944
36.900000000 -9.035689 5.964553 0.000000 0.000000 0.000000 -0.791303 0.611425
37.000000000 -8.966003 6.107831 0.000000 0.000000 0.000000 -0.789885 0.613256
37.100000000 -8.895800 6.252048 0.000000 0.000000 0.000000 -0.788830 0.614611
37.200000000 -8.825074 6.397414 0.000000 0.000000 0.000000 -0.787967 0.615717
37.300000000 -8.754197 6.543290 0.000000 0.000000 0.000000 -0.787270 0.616609
37.400000000 -8.683512 6.689116 0.000000 0.000000 0.000000 -0.786716 0.617315
37.500000000 -8.613828 6.833484 0.000000 0.000000 0.000000 -0.786317 0.617823
37.600000000 -8.544728 6.975175 0.000000 0.000000 0.000000 -0.786104 0.618094
37.700000000 -8.477307 7.112903 0.000000 0.000000 0.000000 -0.786104 0.618094
37.800000000 -8.411244 7.247201 0.000000 0.000000 0.000000 -0.786255 0.617902
37.900000000 -8.346706 7.378011 0.000000 0.000000 0.000000 -0.786575 0.617495
38.000000000 -8.283675 7.505492 0.000000 0.000000 0.000000 -0.787063 0.616873
38.100000000 -8.221448 7.629651 0.000000 0.000000 0.000000 -0.787702 0.616057
38.200000000 -8.160205 7.750719 0.000000 0.000000 0.000000 -0.788453 0.615095
38.300000000 -8.099595 7.868876 0.000000 0.000000 0.000000 -0.789315 0.613989
38.400000000 -8.039171 7.983964 0.000000 0.000000 0.000000 -0.790274 0.612754
38.500000000 -7.978990 8.096520 0.000000 0.000000 0.000000 -0.791293 0.611437
38.600000000 -7.918512 8.206610 0.000000 0.000000 0.000000 -0.792399 0.610004
38.700000000 -7.858534 8.313829 0.000000 0.000000 0.000000 -0.793551 0.608504
38.800000000 -7.799038 8.418211 0.000000 0.000000 0.000000 -0.794747 0.606941
38.900000000 -7.739749 8.520132 0.000000 0.000000 0.000000 -0.795998 0.605299
39.000000000 -7.681869 8.618509 0.000000 0.000000 0.000000 -0.797285 0.603603
39.100000000 -7.624699 8.714203 0.000000 0.000000 0.000000 -0.798661 0.601781
39.200000000 -7.569292 8.806025 0.000000 0.000000 0.000000 -0.800150 0.599800
39.300000000 -7.517960 8.892737 0.000000 0.000000 0.000000 -0.802259 0.596976
39.400000000 -7.468660 8.975436 0.000000 0.000000 0.000000 -0.804861 0.593464
39.500000000 -7.418988 9.057442 0.000000 0.000000 0.000000 -0.807915 0.589299
39.600000000 -7.370126 9.137720 0.000000 0.000000 0.000000 -0.811367 0.584536
39.700000000 -7.323434 9.214347 0.000000 0.000000 0.000000 -0.815130 0.579278
39.800000000 -7.278462 9.287159 0.000000 0.000000 0.000000 -0.819059 0.573710
39.900000000 -7.234833 9.355887 0.000000 0.000000 0.000000 -0.823089 0.567912
40.000000000 -7.192882 9.420799 0.000000 0.000000 0.000000 -0.827127 0.562015
40.100000000 -7.152468 9.482736 0.000000 0.000000 0.000000 -0.831148 0.556051
40.200000000 -7.113173 9.541863 0.000000 0.000000 0.000000 -0.835135 0.550044
40.300000000 -7.075270 9.598426 0.000000 0.000000 0.000000 -0.839030 0.544084
40.400000000 -7.039041 9.651910 0.000000 0.000000 0.000000 -0.842829 0.538182
40.500000000 -7.004573 9.702212 0.000000 0.000000 0.000000 -0.846506 0.532378
40.600000000 -6.971664 9.749463 0.000000 0.000000 0.000000 -0.850060 0.526686
40.700000000 -6.939895 9.793524 0.000000 0.000000 0.000000 -0.853498 0.521096
40.800000000 -6.909782 9.834432 0.000000 0.000000 0.000000 -0.856832 0.515596
40.900000000 -6.881439 9.871701 0.000000 0.000000 0.000000 -0.860042 0.510224
41.000000000 -6.854655 9.905878 0.000000 0.000000 0.000000 -0.863154 0.504940
41.100000000 -6.829333 9.936666 0.000000 0.000000 0.000000 -0.866177 0.499737
41.200000000 -6.805595 9.964754 0.000000 0.000000 0.000000 -0.869121 0.494600
41.300000000 -6.783314 9.989495 0.000000 0.000000 0.000000 -0.871972 0.489555
41.400000000 -6.762800 10.011766 0.000000 0.000000 0.000000 -0.874748 0.484577
41.500000000 -6.743501 10.030955 0.000000 0.000000 0.000000 -0.877506 0.479565
41.600000000 -6.725846 10.047338 0.000000 0.000000 0.000000 -0.880210 0.474584
41.700000000 -6.709736 10.060989 0.000000 0.000000 0.000000 -0.882858 0.469641
41.800000000 -6.695514 10.071800 0.000000 0.000000 0.000000 -0.885461 0.464714
41.900000000 -6.683379 10.079937 0.000000 0.000000 0.000000 -0.888033 0.459779
42.000000000 -6.673024 10.085429 0.000000 0.000000 0.000000 -0.890585 0.454816
42.100000000 -6.664331 10.088437 0.000000 0.000000 0.000000 -0.893123 0.449813
42.200000000 -6.657886 10.088543 0.000000 0.000000 0.000000 -0.895570 0.444921
42.300000000 -6.653390 10.086029 0.000000 0.000000 0.000000 -0.898021 0.439952
42.400000000 -6.650789 10.080941 0.000000 0.000000 0.000000 -0.900428 0.435004
42.500000000 -6.650157 10.073553 0.000000 0.000000 0.000000 -0.902808 0.430043
42.600000000 -6.650149 10.065708 0.000000 0.000000 0.000000 -0.905138 0.425118
42.700000000 -6.650496 10.057858 0.000000 0.000000 0.000000 -0.907479 0.420096
42.800000000 -6.650940 10.050026 0.000000 0.000000 0.000000 -0.909765 0.415124
42.900000000 -6.651346 10.041992 0.000000 0.000000 0.000000 -0.912060 0.410057
43.000000000 -6.651865 10.034162 0.000000 0.000000 0.000000 -0.914308 0.405020
43.100000000 -6.652429 10.025915 0.000000 0.000000 0.000000 -0.916550 0.399921
43.200000000 -6.652776 10.017827 0.000000 0.000000 0.000000 -0.918765 0.394805
43.300000000 -6.653357 10.009728 0.000000 0.000000 0.000000 -0.920944 0.389696
43.400000000 -6.653787 10.001791 0.000000 0.000000 0.000000 -0.923049 0.384683
43.500000000 -6.654840 9.993922 0.000000 0.000000 0.000000 -0.925120 0.379676
43.600000000 -6.655645 9.986195 0.000000 0.000000 0.000000 -0.927213 0.374535
43.700000000 -6.656310 9.978498 0.000000 0.000000 0.000000 -0.929194 0.369593
43.800000000 -6.657356 9.970554 0.000000 0.000000 0.000000 -0.931218 0.364462
43.900000000 -6.658547 9.962811 0.000000 0.000000 0.000000 -0.933208 0.359337
44.000000000 -6.660006 9.955038 0.000000 0.000000 0.000000 -0.935053 0.354507
44.100000000 -6.661806 9.946675 0.000000 0.000000 0.000000 -0.936995 0.349342
44.200000000 -6.663645 9.938447 0.000000 0.000000 0.000000 -0.938895 0.344203
44.300000000 -6.665640 9.930304 0.000000 0.000000 0.000000 -0.940763 0.339065
44.400000000 -6.667527 9.922353 0.000000 0.000000 0.000000 -0.942605 0.333911
44.500000000 -6.669341 9.914773 0.000000 0.000000 0.000000 -0.944340 0.328971
44.600000000 -6.671327 9.906717 0.000000 0.000000 0.000000 -0.946136 0.323770
44.700000000 -6.673512 9.898716 0.000000 0.000000 0.000000 -0.947881 0.318626
44.800000000 -6.676073 9.890668 0.000000 0.000000 0.000000 -0.949611 0.313431
44.900000000 -6.678284 9.882761 0.000000 0.000000 0.000000 -0.951310 0.308237
45.000000000 -6.680281 9.874828 0.000000 0.000000 0.000000 -0.952961 0.303094
45.100000000 -6.682332 9.866476 0.000000 0.000000 0.000000 -0.954627 0.297804
45.200000000 -6.684753 9.858539 0.000000 0.000000 0.000000 -0.956244 0.292570
45.300000000 -6.687160 9.850231 0.000000 0.000000 0.000000 -0.957843 0.287291
45.400000000 -6.689505 9.842194 0.000000 0.000000 0.000000 -0.959406 0.282029
45.500000000 -6.691853 9.834115 0.000000 0.000000 0.000000 -0.960915 0.276845
45.600000000 -6.693997 9.826354 0.000000 0.000000 0.000000 -0.962423 0.271556
45.700000000 -6.695975 9.818550 0.000000 0.000000 0.000000 -0.963899 0.266266
45.800000000 -6.698425 9.810147 0.000000 0.000000 0.000000 -0.965362 0.260914
45.900000000 -6.700639 9.802318 0.000000 0.000000 0.000000 -0.966778 0.255619
46.000000000 -6.702972 9.794488 0.000000 0.000000 0.000000 -0.968135 0.250428
46.100000000 -6.705326 9.786637 0.000000 0.000000 0.000000 -0.969496 0.245108
46.200000000 -6.707725 9.778979 0.000000 0.000000 0.000000 -0.970812 0.239840
46.300000000 -6.710505 9.771059 0.000000 0.000000 0.000000 -0.972115 0.234503
46.400000000 -6.713167 9.763377 0.000000 0.000000 0.000000 -0.973392 0.229147
46.500000000 -6.716067 9.755640 0.000000 0.000000 0.000000 -0.974617 0.223881
46.600000000 -6.718753 9.748149 0.000000 0.000000 0.000000 -0.975818 0.218586
46.700000000 -6.721322 9.740962 0.000000 0.000000 0.000000 -0.976988 0.213296
46.800000000 -6.723930 9.733592 0.000000 0.000000 0.000000 -0.978135 0.207973
46.900000000 -6.726607 9.726303 0.000000 0.000000 0.000000 -0.979254 0.202638
47.000000000 -6.729502 9.718748 0.000000 0.000000 0.000000 -0.980335 0.197343
47.100000000 -6.732200 9.711166 0.000000 0.000000 0.000000 -0.981386 0.192047
47.200000000 -6.734489 9.704035 0.000000 0.000000 0.000000 -0.982412 0.186727
47.300000000 -6.736574 9.696920 0.000000 0.000000 0.000000 -0.983414 0.181377
47.400000000 -6.738506 9.690115 0.000000 0.000000 0.000000 -0.984384 0.176036
47.500000000 -6.740606 9.683164 0.000000 0.000000 0.000000 -0.985333 0.170641
47.600000000 -6.742695 9.676359 0.000000 0.000000 0.000000 -0.986247 0.165280
47.700000000 -6.744338 9.670017 0.000000 0.000000 0.000000 -0.987123 0.159964
47.800000000 -6.746520 9.663086 0.000000 0.000000 0.000000 -0.987973 0.154625
47.900000000 -6.749076 9.655932 0.000000 0.000000 0.000000 -0.988792 0.149297
48.000000000 -6.751732 9.649014 0.000000 0.000000 0.000000 -0.989591 0.143910
48.100000000 -6.754584 9.642221 0.000000 0.000000 0.000000 -0.990354 0.138557
48.200000000 -6.756649 9.635903 0.000000 0.000000 0.000000 -0.991094 0.133165
48.300000000 -6.759099 9.629397 0.000000 0.000000 0.000000 -0.991793 0.127854
48.400000000 -6.762120 9.622437 0.000000 0.000000 0.000000 -0.992461 0.122561
48.500000000 -6.765159 9.615683 0.000000 0.000000 0.000000 -0.993104 0.117234
48.600000000 -6.768220 9.608937 0.000000 0.000000 0.000000 -0.993722 0.111876
48.700000000 -6.770845 9.602704 0.000000 0.000000 0.000000 -0.994287 0.106737
48.800000000 -6.773387 9.596592 0.000000 0.000000 0.000000 -0.994850 0.101356
48.900000000 -6.775970 9.590498 0.000000 0.000000 0.000000 -0.995378 0.096036
49.000000000 -6.779601 9.583943 0.000000 0.000000 0.000000 -0.995874 0.090741
49.100000000 -6.781939 9.578018 0.000000 0.000000 0.000000 -0.996352 0.085342
49.200000000 -6.785497 9.571367 0.000000 0.000000 0.000000 -0.996796 0.079983
49.300000000 -6.787957 9.565230 0.000000 0.000000 0.000000 -0.997211 0.074628
49.400000000 -6.791696 9.558461 0.000000 0.000000 0.000000 -0.997599 0.069257
49.500000000 -6.796003 9.551338 0.000000 0.000000 0.000000 -0.997954 0.063943
49.600000000 -6.800261 9.545082 0.000000 0.000000 0.000000 -0.998281 0.058601
49.700000000 -6.804469 9.538902 0.000000 0.000000 0.000000 -0.998579 0.053286
49.800000000 -6.807529 9.533232 0.000000 0.000000 0.000000 -0.998853 0.047888
49.900000000 -6.810517 9.527590 0.000000 0.000000 0.000000 -0.999094 0.042548
50.000000000 -6.814539 9.521800 0.000000 0.000000 0.000000 -0.999309 0.037159
50.100000000 -6.820141 9.514864 0.000000 0.000000 0.000000 -0.999489 0.031980
50.200000000 -6.824789 9.508910 0.000000 0.000000 0.000000 -0.999646 0.026611
50.300000000 -6.828674 9.503419 0.000000 0.000000 0.000000 -0.999775 0.021228
50.400000000 -6.832609 9.497356 0.000000 0.000000 0.000000 -0.999874 0.015869
50.500000000 -6.837739 9.491493 0.000000 0.000000 0.000000 -0.999945 0.010495
50.600000000 -6.842986 9.485621 0.000000 0.000000 0.000000 -0.999987 0.005116
50.700000000 -6.848025 9.480077 0.000000 0.000000 0.000000 1.000000 0.000247
50.800000000 -6.853167 9.474523 0.000000 0.000000 0.000000 0.999984 0.005648
50.900000000 -6.858274 9.468779 0.000000 0.000000 0.000000 0.999940 0.010952
51.000000000 -6.863225 9.463295 0.000000 0.000000 0.000000 0.999866 0.016375
51.100000000 -6.867422 9.458407 0.000000 0.000000 0.000000 0.999767 0.021588
51.200000000 -6.872424 9.453144 0.000000 0.000000 0.000000 0.999635 0.027010
51.300000000 -6.878477 9.447575 0.000000 0.000000 0.000000 0.999474 0.032431
51.400000000 -6.883524 9.442148 0.000000 0.000000 0.000000 0.999288 0.037735
51.500000000 -6.889279 9.436467 0.000000 0.000000 0.000000 0.999068 0.043173
51.600000000 -6.894956 9.430229 0.000000 0.000000 0.000000 0.998825 0.048466
51.700000000 -6.900539 9.424387 0.000000 0.000000 0.000000 0.998545 0.053926
51.800000000 -6.905720 9.418198 0.000000 0.000000 0.000000 0.998237 0.059352
51.900000000 -6.910118 9.412700 0.000000 0.000000 0.000000 0.997907 0.064660
52.000000000 -6.914487 9.407079 0.000000 0.000000 0.000000 0.997550 0.069955
52.100000000 -6.919805 9.401016 0.000000 0.000000 0.000000 0.997153 0.075410
52.200000000 -6.924693 9.394933 0.000000 0.000000 0.000000 0.996731 0.080787
52.300000000 -6.929626 9.389278 0.000000 0.000000 0.000000 0.996277 0.086213
52.400000000 -6.934788 9.383387 0.000000 0.000000 0.000000 0.995814 0.091403
52.500000000 -6.939126 9.378305 0.000000 0.000000 0.000000 0.995313 0.096701
52.600000000 -6.944289 9.372464 0.000000 0.000000 0.000000 0.994776 0.102087
52.700000000 -6.948332 9.367442 0.000000 0.000000 0.000000 0.994226 0.107303
52.800000000 -6.952426 9.362285 0.000000 0.000000 0.000000 0.993648 0.112535
52.900000000 -6.956824 9.356986 0.000000 0.000000 0.000000 0.993020 0.117950
53.000000000 -6.960792 9.352488 0.000000 0.000000 0.000000 0.992365 0.123339
53.100000000 -6.965063 9.347443 0.000000 0.000000 0.000000 0.991677 0.128750
53.200000000 -6.969116 9.342527 0.000000 0.000000 0.000000 0.990963 0.134134
53.300000000 -6.973577 9.337659 0.000000 0.000000 0.000000 0.990221 0.139507
53.400000000 -6.977434 9.333051 0.000000 0.000000 0.000000 0.989457 0.144826
53.500000000 -6.981127 9.328741 0.000000 0.000000 0.000000 0.988684 0.150011
53.600000000 -6.985347 9.323874 0.000000 0.000000 0.000000 0.987858 0.155360
53.700000000 -6.988997 9.319454 0.000000 0.000000 0.000000 0.987032 0.160522
53.800000000 -6.994448 9.313847 0.000000 0.000000 0.000000 0.986155 0.165826
53.900000000 -6.997731 9.309721 0.000000 0.000000 0.000000 0.985257 0.171082
54.000000000 -7.001321 9.305614 0.000000 0.000000 0.000000 0.984335 0.176306
54.100000000 -7.004490 9.301503 0.000000 0.000000 0.000000 0.983367 0.181631
54.200000000 -7.008118 9.297012 0.000000 0.000000 0.000000 0.982376 0.186913
54.300000000 -7.012395 9.292114 0.000000 0.000000 0.000000 0.981364 0.192159
54.400000000 -7.016121 9.287988 0.000000 0.000000 0.000000 0.980290 0.197565
54.500000000 -7.019454 9.284537 0.000000 0.000000 0.000000 0.979213 0.202835
54.600000000 -7.022918 9.280978 0.000000 0.000000 0.000000 0.978115 0.208067
54.700000000 -7.026646 9.277185 0.000000 0.000000 0.000000 0.977020 0.213150
54.800000000 -7.030236 9.273431 0.000000 0.000000 0.000000 0.975850 0.218443
54.900000000 -7.033770 9.270087 0.000000 0.000000 0.000000 0.974648 0.223743
55.000000000 -7.037521 9.266653 0.000000 0.000000 0.000000 0.973429 0.228988
55.100000000 -7.042057 9.262334 0.000000 0.000000 0.000000 0.972208 0.234120
55.200000000 -7.045902 9.259135 0.000000 0.000000 0.000000 0.970912 0.239435
55.300000000 -7.049103 9.256082 0.000000 0.000000 0.000000 0.969623 0.244606
55.400000000 -7.052719 9.252571 0.000000 0.000000 0.000000 0.968291 0.249826
55.500000000 -7.055942 9.249152 0.000000 0.000000 0.000000 0.966942 0.254997
55.600000000 -7.059109 9.245997 0.000000 0.000000 0.000000 0.965577 0.260116
55.700000000 -7.063136 9.242115 0.000000 0.000000 0.000000 0.964183 0.265240
55.800000000 -7.066140 9.239351 0.000000 0.000000 0.000000 0.962773 0.270312
55.900000000 -7.069496 9.236300 0.000000 0.000000 0.000000 0.961288 0.275545
56.000000000 -7.072742 9.233258 0.000000 0.000000 0.000000 0.959779 0.280758
56.100000000 -7.076264 9.229916 0.000000 0.000000 0.000000 0.958266 0.285877
56.200000000 -7.079321 9.226791 0.000000 0.000000 0.000000 0.956725 0.290993
56.300000000 -7.081568 9.224080 0.000000 0.000000 0.000000 0.955187 0.296004
56.400000000 -7.083911 9.221389 0.000000 0.000000 0.000000 0.953611 0.301042
56.500000000 -7.086649 9.218561 0.000000 0.000000 0.000000 0.951994 0.306117
56.600000000 -7.089771 9.215589 0.000000 0.000000 0.000000 0.950312 0.311299
56.700000000 -7.093351 9.212438 0.000000 0.000000 0.000000 0.948618 0.316423
56.800000000 -7.096141 9.209579 0.000000 0.000000 0.000000 0.946896 0.321539
56.900000000 -7.098763 9.207010 0.000000 0.000000 0.000000 0.945160 0.326608
57.000000000 -7.101694 9.204055 0.000000 0.000000 0.000000 0.943410 0.331629
57.100000000 -7.104359 9.201572 0.000000 0.000000 0.000000 0.941629 0.336652
57.200000000 -7.107060 9.198716 0.000000 0.000000 0.000000 0.939795 0.341739
57.300000000 -7.109613 9.196369 0.000000 0.000000 0.000000 0.937923 0.346844
57.400000000 -7.112719 9.193820 0.000000 0.000000 0.000000 0.936050 0.351866
57.500000000 -7.115264 9.191652 0.000000 0.000000 0.000000 0.934180 0.356802
57.600000000 -7.117725 9.189534 0.000000 0.000000 0.000000 0.932265 0.361776
57.700000000 -7.120562 9.187447 0.000000 0.000000 0.000000 0.930301 0.366796
57.800000000 -7.123472 9.185410 0.000000 0.000000 0.000000 0.928305 0.371821
57.900000000 -7.126342 9.182974 0.000000 0.000000 0.000000 0.926261 0.376883
58.000000000 -7.129035 9.180713 0.000000 0.000000 0.000000 0.924216 0.381870
58.100000000 -7.131593 9.178365 0.000000 0.000000 0.000000 0.922117 0.386910
58.200000000 -7.133888 9.176185 0.000000 0.000000 0.000000 0.920034 0.391839
58.300000000 -7.136236 9.174211 0.000000 0.000000 0.000000 0.917887 0.396841
58.400000000 -7.138933 9.172160 0.000000 0.000000 0.000000 0.915762 0.401722
58.500000000 -7.141240 9.170617 0.000000 0.000000 0.000000 0.913549 0.406728
58.600000000 -7.144140 9.168924 0.000000 0.000000 0.000000 0.911345 0.411644
58.700000000 -7.147073 9.166927 0.000000 0.000000 0.000000 0.909133 0.416505
58.800000000 -7.149158 9.165533 0.000000 0.000000 0.000000 0.906936 0.421268
58.900000000 -7.151619 9.164060 0.000000 0.000000 0.000000 0.904634 0.426190
59.000000000 -7.153958 9.162554 0.000000 0.000000 0.000000 0.902322 0.431063
59.100000000 -7.156163 9.160868 0.000000 0.000000 0.000000 0.899965 0.435963
59.200000000 -7.158909 9.159138 0.000000 0.000000 0.000000 0.897597 0.440817
59.300000000 -7.161001 9.157814 0.000000 0.000000 0.000000 0.895259 0.445547
59.400000000 -7.163537 9.156539 0.000000 0.000000 0.000000 0.892831 0.450391
59.500000000 -7.166153 9.155483 0.000000 0.000000 0.000000 0.890366 0.455246
59.600000000 -7.168683 9.154557 0.000000 0.000000 0.000000 0.887886 0.460064
59.700000000 -7.171084 9.153920 0.000000 0.000000 0.000000 0.885378 0.464872
59.800000000 -7.173797 9.153078 0.000000 0.000000 0.000000 0.882838 0.469677
59.900000000 -7.176563 9.151912 0.000000 0.000000 0.000000 0.880298 0.474422
60.000000000 -7.179221 9.151308 0.000000 0.000000 0.000000 0.877726 0.479163
60.100000000 -7.181569 9.150594 0.000000 0.000000 0.000000 0.875132 0.483885
60.200000000 -7.183655 9.149876 0.000000 0.000000 0.000000 0.872508 0.488600
60.300000000 -7.185808 9.149601 0.000000 0.000000 0.000000 0.869820 0.493370
60.400000000 -7.188082 9.149214 0.000000 0.000000 0.000000 0.867171 0.498010
60.500000000 -7.190511 9.148917 0.000000 0.000000 0.000000 0.864433 0.502749
60.600000000 -7.192987 9.148606 0.000000 0.000000 0.000000 0.861702 0.507416
60.700000000 -7.195633 9.148788 0.000000 0.000000 0.000000 0.858948 0.512063
60.800000000 -7.198029 9.149107 0.000000 0.000000 0.000000 0.856211 0.516626
60.900000000 -7.200377 9.149386 0.000000 0.000000 0.000000 0.853408 0.521243
61.000000000 -7.202339 9.149353 0.000000 0.000000 0.000000 0.850572 0.525859
61.100000000 -7.204110 9.149794 0.000000 0.000000 0.000000 0.847753 0.530392
61.200000000 -7.205676 9.149975 0.000000 0.000000 0.000000 0.844866 0.534977
61.300000000 -7.207154 9.150222 0.000000 0.000000 0.000000 0.841969 0.539526
61.400000000 -7.208804 9.150616 0.000000 0.000000 0.000000 0.839054 0.544048
61.500000000 -7.210024 9.151021 0.000000 0.000000 0.000000 0.836134 0.548525
61.600000000 -7.211210 9.151122 0.000000 0.000000 0.000000 0.833145 0.553054
61.700000000 -7.212360 9.151493 0.000000 0.000000 0.000000 0.830149 0.557542
61.800000000 -7.213554 9.151693 0.000000 0.000000 0.000000 0.827110 0.562041
61.900000000 -7.214518 9.151978 0.000000 0.000000 0.000000 0.824084 0.566468
62.000000000 -7.215630 9.152119 0.000000 0.000000 0.000000 0.821010 0.570914
62.100000000 -7.215855 9.152367 0.000000 0.000000 0.000000 0.817987 0.575237
62.200000000 -7.216687 9.152717 0.000000 0.000000 0.000000 0.814872 0.579640
62.300000000 -7.217647 9.153009 0.000000 0.000000 0.000000 0.811770 0.583977
62.400000000 -7.218746 9.153188 0.000000 0.000000 0.000000 0.808605 0.588351
62.500000000 -7.220119 9.153445 0.000000 0.000000 0.000000 0.805437 0.592681
62.600000000 -7.221186 9.153902 0.000000 0.000000 0.000000 0.802280 0.596947
62.700000000 -7.222201 9.154144 0.000000 0.000000 0.000000 0.799043 0.601274
62.800000000 -7.223272 9.154603 0.000000 0.000000 0.000000 0.795802 0.605558
62.900000000 -7.223779 9.154956 0.000000 0.000000 0.000000 0.792534 0.609828
63.000000000 -7.224683 9.155466 0.000000 0.000000 0.000000 0.789273 0.614043
63.100000000 -7.225624 9.156107 0.000000 0.000000 0.000000 0.785988 0.618242
63.200000000 -7.226391 9.156663 0.000000 0.000000 0.000000 0.782732 0.622358
63.300000000 -7.227837 9.157291 0.000000 0.000000 0.000000 0.779380 0.626551
63.400000000 -7.229194 9.157644 0.000000 0.000000 0.000000 0.776021 0.630707
63.500000000 -7.230962 9.158321 0.000000 0.000000 0.000000 0.772665 0.634814
63.600000000 -7.232337 9.158661 0.000000 0.000000 0.000000 0.769237 0.638964
63.700000000 -7.233965 9.159112 0.000000 0.000000 0.000000 0.765853 0.643015
63.800000000 -7.235981 9.159470 0.000000 0.000000 0.000000 0.762447 0.647051
63.900000000 -7.238273 9.159893 0.000000 0.000000 0.000000 0.758980 0.651114
64.000000000 -7.240534 9.160098 0.000000 0.000000 0.000000 0.755492 0.655158
64.100000000 -7.242641 9.160404 0.000000 0.000000 0.000000 0.751968 0.659200
64.200000000 -7.244481 9.160767 0.000000 0.000000 0.000000 0.748444 0.663198
64.300000000 -7.246512 9.161090 0.000000 0.000000 0.000000 0.744899 0.667177
64.400000000 -7.247956 9.161461 0.000000 0.000000 0.000000 0.741305 0.671169
64.500000000 -7.249622 9.161427 0.000000 0.000000 0.000000 0.737723 0.675104
64.600000000 -7.251339 9.161364 0.000000 0.000000 0.000000 0.734094 0.679048
64.700000000 -7.252890 9.161313 0.000000 0.000000 0.000000 0.730491 0.682922
64.800000000 -7.254596 9.161533 0.000000 0.000000 0.000000 0.726865 0.686781
64.900000000 -7.256293 9.161713 0.000000 0.000000 0.000000 0.723237 0.690600
65.000000000 -7.257964 9.162002 0.000000 0.000000 0.000000 0.719587 0.694402
65.100000000 -7.259848 9.162528 0.000000 0.000000 0.000000 0.715937 0.698165
65.200000000 -7.261691 9.162859 0.000000 0.000000 0.000000 0.712254 0.701922
65.300000000 -7.263187 9.163226 0.000000 0.000000 0.000000 0.708545 0.705666
65.400000000 -7.264695 9.163622 0.000000 0.000000 0.000000 0.704897 0.709310
65.500000000 -7.266043 9.164319 0.000000 0.000000 0.000000 0.701183 0.712981
65.600000000 -7.267140 9.164733 0.000000 0.000000 0.000000 0.697465 0.716619
65.700000000 -7.268101 9.164726 0.000000 0.000000 0.000000 0.693646 0.720316
65.800000000 -7.269072 9.164869 0.000000 0.000000 0.000000 0.689848 0.723954
65.900000000 -7.270023 9.165221 0.000000 0.000000 0.000000 0.685980 0.727620
66.000000000 -7.271074 9.165766 0.000000 0.000000 0.000000 0.682109 0.731250
66.100000000 -7.272174 9.166281 0.000000 0.000000 0.000000 0.678288 0.734797
66.200000000 -7.272995 9.166591 0.000000 0.000000 0.000000 0.674381 0.738384
66.300000000 -7.273605 9.166928 0.000000 0.000000 0.000000 0.670509 0.741901
66.400000000 -7.274218 9.167122 0.000000 0.000000 0.000000 0.666560 0.745451
66.500000000 -7.274660 9.167252 0.000000 0.000000 0.000000 0.662633 0.748944
66.600000000 -7.274975 9.167807 0.000000 0.000000 0.000000 0.658722 0.752387
66.700000000 -7.274955 9.166410 0.000000 0.000000 0.000000 0.654698 0.755890
66.800000000 -7.275608 9.161512 0.000000 0.000000 0.000000 0.650673 0.759358
66.900000000 -7.276691 9.153443 0.000000 0.000000 0.000000 0.646654 0.762784
67.000000000 -7.278025 9.141202 0.000000 0.000000 0.000000 0.642592 0.766208
67.100000000 -7.279779 9.125972 0.000000 0.000000 0.000000 0.638554 0.769577
67.200000000 -7.281639 9.107698 0.000000 0.000000 0.000000 0.634518 0.772908
67.300000000 -7.283908 9.086450 0.000000 0.000000 0.000000 0.630502 0.776188
67.400000000 -7.286991 9.061867 0.000000 0.000000 0.000000 0.626535 0.779394
67.500000000 -7.291045 9.032995 0.000000 0.000000 0.000000 0.622588 0.782550
67.600000000 -7.295424 9.000829 0.000000 0.000000 0.000000 0.618686 0.785639
67.700000000 -7.300424 8.965090 0.000000 0.000000 0.000000 0.614883 0.788618
67.800000000 -7.306750 8.925420 0.000000 0.000000 0.000000 0.611178 0.791493
67.900000000 -7.313560 8.882485 0.000000 0.000000 0.000000 0.607575 0.794263
68.000000000 -7.322413 8.834683 0.000000 0.000000 0.000000 0.604202 0.796831
68.100000000 -7.332815 8.782893 0.000000 0.000000 0.000000 0.601031 0.799226
68.200000000 -7.344982 8.727408 0.000000 0.000000 0.000000 0.598116 0.801410
68.300000000 -7.358264 8.668062 0.000000 0.000000 0.000000 0.595412 0.803420
68.400000000 -7.372618 8.605504 0.000000 0.000000 0.000000 0.592932 0.805252
68.500000000 -7.388051 8.540148 0.000000 0.000000 0.000000 0.590701 0.806890
68.600000000 -7.404293 8.471638 0.000000 0.000000 0.000000 0.588739 0.808323
68.700000000 -7.421842 8.400304 0.000000 0.000000 0.000000 0.587141 0.809485
68.800000000 -7.440690 8.325684 0.000000 0.000000 0.000000 0.585963 0.810338
68.900000000 -7.461433 8.247162 0.000000 0.000000 0.000000 0.585236 0.810863
69.000000000 -7.483913 8.164474 0.000000 0.000000 0.000000 0.584993 0.811038
69.100000000 -7.507497 8.078614 0.000000 0.000000 0.000000 0.584993 0.811038
69.200000000 -7.530776 7.990196 0.000000 0.000000 0.000000 0.585133 0.810937
69.300000000 -7.554245 7.899671 0.000000 0.000000 0.000000 0.585476 0.810690
69.400000000 -7.578242 7.806716 0.000000 0.000000 0.000000 0.586018 0.810298
69.500000000 -7.602966 7.711613 0.000000 0.000000 0.000000 0.586745 0.809772
69.600000000 -7.628420 7.613710 0.000000 0.000000 0.000000 0.587629 0.809131
69.700000000 -7.655245 7.513007 0.000000 0.000000 0.000000 0.588626 0.808406
69.800000000 -7.683145 7.409312 0.000000 0.000000 0.000000 0.589724 0.807605
69.900000000 -7.712194 7.302570 0.000000 0.000000 0.000000 0.590923 0.806728
70.000000000 -7.742401 7.192927 0.000000 0.000000 0.000000 0.592152 0.805826
70.100000000 -7.773649 7.080380 0.000000 0.000000 0.000000 0.593403 0.804905
70.200000000 -7.805876 6.964856 0.000000 0.000000 0.000000 0.594684 0.803960
70.300000000 -7.838961 6.846502 0.000000 0.000000 0.000000 0.595955 0.803018
70.400000000 -7.873160 6.725003 0.000000 0.000000 0.000000 0.597171 0.802114
70.500000000 -7.908346 6.600604 0.000000 0.000000 0.000000 0.598337 0.801245
70.600000000 -7.944455 6.473032 0.000000 0.000000 0.000000 0.599477 0.800392
70.700000000 -7.981967 6.342195 0.000000 0.000000 0.000000 0.600520 0.799610
70.800000000 -8.020603 6.208079 0.000000 0.000000 0.000000 0.601424 0.798930
70.900000000 -8.060356 6.070465 0.000000 0.000000 0.000000 0.602228 0.798324
71.000000000 -8.101443 5.929431 0.000000 0.000000 0.000000 0.602970 0.797764
71.100000000 -8.143507 5.784768 0.000000 0.000000 0.000000 0.603570 0.797310
71.200000000 -8.186836 5.637010 0.000000 0.000000 0.000000 0.604138 0.796880
71.300000000 -8.230856 5.486039 0.000000 0.000000 0.000000 0.604594 0.796534
71.400000000 -8.275939 5.331420 0.000000 0.000000 0.000000 0.604931 0.796278
71.500000000 -8.321852 5.173648 0.000000 0.000000 0.000000 0.605169 0.796097
71.600000000 -8.368700 5.012720 0.000000 0.000000 0.000000 0.605407 0.795916
71.700000000 -8.416292 4.848784 0.000000 0.000000 0.000000 0.605645 0.795735
71.800000000 -8.464777 4.681811 0.000000 0.000000 0.000000 0.605839 0.795587
71.900000000 -8.513900 4.511274 0.000000 0.000000 0.000000 0.605839 0.795587
72.000000000 -8.563770 4.337926 0.000000 0.000000 0.000000 0.605839 0.795587
72.200000000 -8.664667 3.984616 0.000000 0.000000 0.000000 0.605976 0.795483
72.300000000 -8.715393 3.806363 0.000000 0.000000 0.000000 0.605976 0.795483
72.400000000 -8.766117 3.628495 0.000000 0.000000 0.000000 0.605976 0.795483
72.500000000 -8.817009 3.450737 0.000000 0.000000 0.000000 0.605976 0.795483
72.600000000 -8.867898 3.272815 0.000000 0.000000 0.000000 0.605976 0.795483
72.700000000 -8.918653 3.095231 0.000000 0.000000 0.000000 0.605976 0.795483
72.800000000 -8.969457 2.917458 0.000000 0.000000 0.000000 0.605976 0.795483
72.900000000 -9.020253 2.739813 0.000000 0.000000 0.000000 0.605976 0.795483
73.000000000 -9.070737 2.562229 0.000000 0.000000 0.000000 0.606170 0.795335
73.100000000 -9.121227 2.384424 0.000000 0.000000 0.000000 0.606170 0.795335
73.200000000 -9.171425 2.206676 0.000000 0.000000 0.000000 0.606170 0.795335
73.300000000 -9.221626 2.029270 0.000000 0.000000 0.000000 0.606170 0.795335
73.400000000 -9.271683 1.851633 0.000000 0.000000 0.000000 0.606170 0.795335
73.500000000 -9.321835 1.673947 0.000000 0.000000 0.000000 0.606170 0.795335
73.600000000 -9.371990 1.496319 0.000000 0.000000 0.000000 0.606308 0.795230
73.700000000 -9.421847 1.318905 0.000000 0.000000 0.000000 0.606308 0.795230
73.800000000 -9.471691 1.141509 0.000000 0.000000 0.000000 0.606308 0.795230
73.900000000 -9.521367 0.964178 0.000000 0.000000 0.000000 0.606308 0.795230
74.000000000 -9.571050 0.787231 0.000000 0.000000 0.000000 0.606545 0.795049
74.100000000 -9.620340 0.609862 0.000000 0.000000 0.000000 0.606545 0.795049
74.200000000 -9.669660 0.432711 0.000000 0.000000 0.000000 0.606683 0.794944
74.300000000 -9.718925 0.255498 0.000000 0.000000 0.000000 0.606683 0.794944
74.400000000 -9.768095 0.078512 0.000000 0.000000 0.000000 0.606683 0.794944
74.500000000 -9.817225 -0.098314 0.000000 0.000000 0.000000 0.606683 0.794944
74.600000000 -9.865595 -0.272614 0.000000 0.000000 0.000000 0.606877 0.794796
74.700000000 -9.913120 -0.443591 0.000000 0.000000 0.000000 0.606877 0.794796
74.800000000 -9.959565 -0.611709 0.000000 0.000000 0.000000 0.607014 0.794691
74.900000000 -10.005290 -0.776351 0.000000 0.000000 0.000000 0.607014 0.794691
75.000000000 -10.050407 -0.938838 0.000000 0.000000 0.000000 0.607014 0.794691
75.100000000 -10.095272 -1.101453 0.000000 0.000000 0.000000 0.607014 0.794691
75.200000000 -10.140604 -1.263767 0.000000 0.000000 0.000000 0.607014 0.794691
75.300000000 -10.185603 -1.426108 0.000000 0.000000 0.000000 0.607014 0.794691
75.400000000 -10.230937 -1.588454 0.000000 0.000000 0.000000 0.607014 0.794691
75.500000000 -10.276255 -1.750822 0.000000 0.000000 0.000000 0.607014 0.794691
75.600000000 -10.321228 -1.913328 0.000000 0.000000 0.000000 0.607151 0.794586
75.700000000 -10.366585 -2.075481 0.000000 0.000000 0.000000 0.607288 0.794482
75.800000000 -10.411741 -2.237971 0.000000 0.000000 0.000000 0.607288 0.794482
75.900000000 -10.457321 -2.400327 0.000000 0.000000 0.000000 0.607425 0.794377
76.000000000 -10.503137 -2.561829 0.000000 0.000000 0.000000 0.606950 0.794740
76.100000000 -10.546840 -2.723430 0.000000 0.000000 0.000000 0.604272 0.796778
76.200000000 -10.589292 -2.885354 0.000000 0.000000 0.000000 0.599703 0.800223
76.300000000 -10.630418 -3.047080 0.000000 0.000000 0.000000 0.593824 0.804595
76.400000000 -10.671684 -3.208322 0.000000 0.000000 0.000000 0.587209 0.809435
76.500000000 -10.712774 -3.369897 0.000000 0.000000 0.000000 0.580278 0.814418
76.600000000 -10.754255 -3.531777 0.000000 0.000000 0.000000 0.573337 0.819320
76.700000000 -10.793791 -3.694842 0.000000 0.000000 0.000000 0.566696 0.823927
76.800000000 -10.835748 -3.857893 0.000000 0.000000 0.000000 0.561566 0.827432
76.900000000 -10.879066 -4.019869 0.000000 0.000000 0.000000 0.557798 0.829977
77.000000000 -10.923104 -4.182022 0.000000 0.000000 0.000000 0.555785 0.831326
77.100000000 -10.967763 -4.343501 0.000000 0.000000 0.000000 0.555582 0.831462
77.200000000 -11.013965 -4.504563 0.000000 0.000000 0.000000 0.557345 0.830281
77.300000000 -11.061744 -4.665914 0.000000 0.000000 0.000000 0.561292 0.827618
77.400000000 -11.111017 -4.827392 0.000000 0.000000 0.000000 0.567434 0.823419
77.500000000 -11.161259 -4.988170 0.000000 0.000000 0.000000 0.575686 0.817671
77.600000000 -11.213505 -5.149401 0.000000 0.000000 0.000000 0.584646 0.811289
77.700000000 -11.264155 -5.311232 0.000000 0.000000 0.000000 0.591913 0.806002
77.800000000 -11.313897 -5.473327 0.000000 0.000000 0.000000 0.597644 0.801762
78.000000000 -11.408978 -5.797142 0.000000 0.000000 0.000000 0.605929 0.795519
78.100000000 -11.456327 -5.959226 0.000000 0.000000 0.000000 0.608644 0.793443
78.200000000 -11.502938 -6.121223 0.000000 0.000000 0.000000 0.610660 0.791893
78.300000000 -11.549399 -6.282903 0.000000 0.000000 0.000000 0.612144 0.790746
78.400000000 -11.595706 -6.444296 0.000000 0.000000 0.000000 0.613183 0.789941
78.500000000 -11.641854 -6.605809 0.000000 0.000000 0.000000 0.613822 0.789444
78.600000000 -11.687294 -6.767557 0.000000 0.000000 0.000000 0.614156 0.789184
78.700000000 -11.732448 -6.928897 0.000000 0.000000 0.000000 0.614156 0.789184
78.800000000 -11.777341 -7.090362 0.000000 0.000000 0.000000 0.614020 0.789290
78.900000000 -11.821118 -7.249645 0.000000 0.000000 0.000000 0.613784 0.789474
79.000000000 -11.864370 -7.405680 0.000000 0.000000 0.000000 0.613423 0.789754
79.100000000 -11.906594 -7.558525 0.000000 0.000000 0.000000 0.612932 0.790136
79.200000000 -11.947793 -7.708469 0.000000 0.000000 0.000000 0.612403 0.790546
79.300000000 -11.988383 -7.855247 0.000000 0.000000 0.000000 0.611840 0.790981
79.400000000 -12.028226 -7.998606 0.000000 0.000000 0.000000 0.611311 0.791390
79.500000000 -12.067219 -8.138959 0.000000 0.000000 0.000000 0.610765 0.791812
79.600000000 -12.105765 -8.275816 0.000000 0.000000 0.000000 0.610272 0.792192
79.700000000 -12.143319 -8.409712 0.000000 0.000000 0.000000 0.609798 0.792557
79.800000000 -12.180367 -8.542739 0.000000 0.000000 0.000000 0.609324 0.792921
79.900000000 -12.217506 -8.676026 0.000000 0.000000 0.000000 0.608870 0.793270
80.000000000 -12.254926 -8.809292 0.000000 0.000000 0.000000 0.608482 0.793567
80.100000000 -12.292285 -8.942511 0.000000 0.000000 0.000000 0.608120 0.793845
80.200000000 -12.329644 -9.075829 0.000000 0.000000 0.000000 0.607813 0.794080
80.300000000 -12.367155 -9.209006 0.000000 0.000000 0.000000 0.607507 0.794315
80.400000000 -12.404499 -9.342288 0.000000 0.000000 0.000000 0.607232 0.794524
80.500000000 -12.442027 -9.475052 0.000000 0.000000 0.000000 0.606995 0.794706
80.600000000 -12.479530 -9.608061 0.000000 0.000000 0.000000 0.606801 0.794854
80.700000000 -12.516990 -9.741188 0.000000 0.000000 0.000000 0.606563 0.795035
80.800000000 -12.554066 -9.872833 0.000000 0.000000 0.000000 0.606426 0.795140
80.900000000 -12.590148 -10.000959 0.000000 0.000000 0.000000 0.606426 0.795140
81.000000000 -12.625945 -10.126085 0.000000 0.000000 0.000000 0.606426 0.795140
81.100000000 -12.660308 -10.247959 0.000000 0.000000 0.000000 0.606289 0.795245
81.200000000 -12.693748 -10.366283 0.000000 0.000000 0.000000 0.606289 0.795245
81.300000000 -12.726711 -10.481664 0.000000 0.000000 0.000000 0.606289 0.795245
81.400000000 -12.758815 -10.593585 0.000000 0.000000 0.000000 0.606289 0.795245
81.500000000 -12.790112 -10.702520 0.000000 0.000000 0.000000 0.606289 0.795245
81.600000000 -12.820588 -10.808246 0.000000 0.000000 0.000000 0.606151 0.795349
81.700000000 -12.850672 -10.910613 0.000000 0.000000 0.000000 0.606151 0.795349
81.800000000 -12.879543 -11.009328 0.000000 0.000000 0.000000 0.606151 0.795349
81.900000000 -12.908274 -11.106719 0.000000 0.000000 0.000000 0.606151 0.795349
82.000000000 -12.936737 -11.203682 0.000000 0.000000 0.000000 0.606151 0.795349
82.100000000 -12.965537 -11.300588 0.000000 0.000000 0.000000 0.606151 0.795349
82.200000000 -12.994400 -11.397569 0.000000 0.000000 0.000000 0.606151 0.795349
82.300000000 -13.023431 -11.494673 0.000000 0.000000 0.000000 0.606151 0.795349
82.400000000 -13.052104 -11.591331 0.000000 0.000000 0.000000 0.606151 0.795349
82.500000000 -13.082521 -11.688462 0.000000 0.000000 0.000000 0.606151 0.795349
82.600000000 -13.111779 -11.785749 0.000000 0.000000 0.000000 0.605957 0.795497
82.700000000 -13.140890 -11.882729 0.000000 0.000000 0.000000 0.605957 0.795497
82.800000000 -13.170152 -11.979455 0.000000 0.000000 0.000000 0.605957 0.795497
82.900000000 -13.199432 -12.076126 0.000000 0.000000 0.000000 0.605957 0.795497
83.000000000 -13.229712 -12.172962 0.000000 0.000000 0.000000 0.605957 0.795497
83.100000000 -13.259804 -12.270263 0.000000 0.000000 0.000000 0.605957 0.795497
83.200000000 -13.289510 -12.366893 0.000000 0.000000 0.000000 0.605957 0.795497
83.300000000 -13.319319 -12.463752 0.000000 0.000000 0.000000 0.605957 0.795497
83.400000000 -13.348682 -12.560602 0.000000 0.000000 0.000000 0.605957 0.795497
83.500000000 -13.379642 -12.657886 0.000000 0.000000 0.000000 0.605957 0.795497
83.600000000 -13.409863 -12.754933 0.000000 0.000000 0.000000 0.605957 0.795497
83.700000000 -13.440915 -12.852303 0.000000 0.000000 0.000000 0.605425 0.795902
83.800000000 -13.473913 -12.951059 0.000000 0.000000 0.000000 0.604050 0.796946
83.900000000 -13.506391 -13.049073 0.000000 0.000000 0.000000 0.601966 0.798522
84.000000000 -13.537769 -13.146628 0.000000 0.000000 0.000000 0.599366 0.800475
84.100000000 -13.567185 -13.244184 0.000000 0.000000 0.000000 0.596259 0.802792
84.200000000 -13.595560 -13.342314 0.000000 0.000000 0.000000 0.592733 0.805399
84.300000000 -13.623650 -13.440403 0.000000 0.000000 0.000000 0.588947 0.808172
84.400000000 -13.653746 -13.539447 0.000000 0.000000 0.000000 0.584903 0.811103
84.500000000 -13.681462 -13.637826 0.000000 0.000000 0.000000 0.580790 0.814054
84.600000000 -13.710510 -13.736985 0.000000 0.000000 0.000000 0.576561 0.817054
84.700000000 -13.734568 -13.836350 0.000000 0.000000 0.000000 0.572468 0.819927
84.800000000 -13.762553 -13.935368 0.000000 0.000000 0.000000 0.568907 0.822402
84.900000000 -13.795285 -14.032871 0.000000 0.000000 0.000000 0.566222 0.824253
85.000000000 -13.829813 -14.131564 0.000000 0.000000 0.000000 0.564295 0.825573
85.100000000 -13.860984 -14.229670 0.000000 0.000000 0.000000 0.563137 0.826364
85.200000000 -13.891819 -14.326683 0.000000 0.000000 0.000000 0.562733 0.826639
85.300000000 -13.922748 -14.422415 0.000000 0.000000 0.000000 0.562980 0.826470
85.400000000 -13.954098 -14.519410 0.000000 0.000000 0.000000 0.563708 0.825974
85.500000000 -13.986058 -14.616994 0.000000 0.000000 0.000000 0.564765 0.825252
85.600000000 -14.019560 -14.715302 0.000000 0.000000 0.000000 0.566093 0.824341
85.700000000 -14.053933 -14.813746 0.000000 0.000000 0.000000 0.567677 0.823252
85.800000000 -14.089521 -14.912145 0.000000 0.000000 0.000000 0.569427 0.822042
85.900000000 -14.125761 -15.010597 0.000000 0.000000 0.000000 0.571330 0.820721
86.000000000 -14.163020 -15.108990 0.000000 0.000000 0.000000 0.573297 0.819348
86.100000000 -14.200775 -15.207399 0.000000 0.000000 0.000000 0.575275 0.817960
86.200000000 -14.238409 -15.305820 0.000000 0.000000 0.000000 0.577295 0.816536
86.300000000 -14.276365 -15.404382 0.000000 0.000000 0.000000 0.579292 0.815120
86.400000000 -14.315834 -15.503086 0.000000 0.000000 0.000000 0.581204 0.813758
86.500000000 -14.353967 -15.601488 0.000000 0.000000 0.000000 0.583098 0.812402
86.600000000 -14.392733 -15.700331 0.000000 0.000000 0.000000 0.584893 0.811111
86.700000000 -14.431749 -15.799554 0.000000 0.000000 0.000000 0.586640 0.809848
86.800000000 -14.469905 -15.898434 0.000000 0.000000 0.000000 0.588281 0.808656
86.900000000 -14.508350 -15.997418 0.000000 0.000000 0.000000 0.589828 0.807529
87.000000000 -14.547185 -16.096270 0.000000 0.000000 0.000000 0.591242 0.806494
87.100000000 -14.586015 -16.195498 0.000000 0.000000 0.000000 0.592584 0.805509
87.200000000 -14.623583 -16.294526 0.000000 0.000000 0.000000 0.593796 0.804616
87.300000000 -14.663017 -16.393947 0.000000 0.000000 0.000000 0.594924 0.803782
87.400000000 -14.701406 -16.493161 0.000000 0.000000 0.000000 0.595971 0.803006
87.500000000 -14.740746 -16.592264 0.000000 0.000000 0.000000 0.596921 0.802300
87.600000000 -14.779820 -16.691135 0.000000 0.000000 0.000000 0.597751 0.801682
87.700000000 -14.818617 -16.789859 0.000000 0.000000 0.000000 0.598496 0.801125
87.800000000 -14.857526 -16.888718 0.000000 0.000000 0.000000 0.599174 0.800619
87.900000000 -14.894813 -16.986603 0.000000 0.000000 0.000000 0.599760 0.800180
88.000000000 -14.930833 -17.084276 0.000000 0.000000 0.000000 0.600295 0.799779
88.100000000 -14.965410 -17.181495 0.000000 0.000000 0.000000 0.600829 0.799377
88.200000000 -15.000690 -17.278708 0.000000 0.000000 0.000000 0.601243 0.799066
88.300000000 -15.033853 -17.375691 0.000000 0.000000 0.000000 0.601701 0.798722
88.400000000 -15.067426 -17.470948 0.000000 0.000000 0.000000 0.602038 0.798467
88.500000000 -15.099723 -17.562923 0.000000 0.000000 0.000000 0.602403 0.798192
88.600000000 -15.131402 -17.651637 0.000000 0.000000 0.000000 0.602679 0.797984
88.700000000 -15.161440 -17.737080 0.000000 0.000000 0.000000 0.602873 0.797837
88.800000000 -15.190316 -17.819072 0.000000 0.000000 0.000000 0.602873 0.797837
88.900000000 -15.220621 -17.897860 0.000000 0.000000 0.000000 0.603068 0.797690
89.000000000 -15.248921 -17.973366 0.000000 0.000000 0.000000 0.603068 0.797690
89.100000000 -15.275044 -18.045381 0.000000 0.000000 0.000000 0.603068 0.797690
89.200000000 -15.302448 -18.114105 0.000000 0.000000 0.000000 0.603068 0.797690
89.300000000 -15.328748 -18.179634 0.000000 0.000000 0.000000 0.603068 0.797690
89.400000000 -15.354465 -18.241687 0.000000 0.000000 0.000000 0.602931 0.797794
89.500000000 -15.379790 -18.300775 0.000000 0.000000 0.000000 0.602736 0.797941
89.600000000 -15.404333 -18.356741 0.000000 0.000000 0.000000 0.602497 0.798121
89.700000000 -15.428577 -18.409096 0.000000 0.000000 0.000000 0.602302 0.798268
89.800000000 -15.451627 -18.458332 0.000000 0.000000 0.000000 0.602064 0.798448
89.900000000 -15.473424 -18.505455 0.000000 0.000000 0.000000 0.601869 0.798595
90.000000000 -15.495607 -18.552454 0.000000 0.000000 0.000000 0.601674 0.798742
90.100000000 -15.516732 -18.598977 0.000000 0.000000 0.000000 0.601398 0.798950
90.200000000 -15.539001 -18.645375 0.000000 0.000000 0.000000 0.601122 0.799157
90.300000000 -15.562548 -18.691993 0.000000 0.000000 0.000000 0.600846 0.799365
90.400000000 -15.586378 -18.738424 0.000000 0.000000 0.000000 0.600651 0.799512
90.500000000 -15.608405 -18.782573 0.000000 0.000000 0.000000 0.600375 0.799719
90.600000000 -15.629064 -18.823398 0.000000 0.000000 0.000000 0.600099 0.799926
90.700000000 -15.648721 -18.861219 0.000000 0.000000 0.000000 0.599790 0.800158
90.800000000 -15.667472 -18.896057 0.000000 0.000000 0.000000 0.599424 0.800432
90.900000000 -15.687087 -18.928028 0.000000 0.000000 0.000000 0.599059 0.800705
91.000000000 -15.704702 -18.956812 0.000000 0.000000 0.000000 0.598720 0.800959
91.100000000 -15.721613 -18.982932 0.000000 0.000000 0.000000 0.598305 0.801268
91.200000000 -15.737973 -19.006221 0.000000 0.000000 0.000000 0.597890 0.801578
91.300000000 -15.753259 -19.026505 0.000000 0.000000 0.000000 0.597452 0.801905
91.400000000 -15.765015 -19.043646 0.000000 0.000000 0.000000 0.597014 0.802231
91.500000000 -15.777287 -19.057934 0.000000 0.000000 0.000000 0.596535 0.802587
91.600000000 -15.788478 -19.069581 0.000000 0.000000 0.000000 0.596035 0.802959
91.700000000 -15.798206 -19.078395 0.000000 0.000000 0.000000 0.595498 0.803357
91.800000000 -15.809329 -19.087630 0.000000 0.000000 0.000000 0.595017 0.803713
91.900000000 -15.818930 -19.096232 0.000000 0.000000 0.000000 0.594480 0.804111
92.000000000 -15.828651 -19.104954 0.000000 0.000000 0.000000 0.593960 0.804494
92.100000000 -15.839637 -19.114093 0.000000 0.000000 0.000000 0.593440 0.804878
92.200000000 -15.849903 -19.122730 0.000000 0.000000 0.000000 0.592920 0.805261
92.300000000 -15.860288 -19.131526 0.000000 0.000000 0.000000 0.592419 0.805630
92.400000000 -15.870349 -19.140265 0.000000 0.000000 0.000000 0.591880 0.806026
92.500000000 -15.881806 -19.148954 0.000000 0.000000 0.000000 0.591379 0.806394
92.600000000 -15.893426 -19.157871 0.000000 0.000000 0.000000 0.590858 0.806776
92.700000000 -15.903425 -19.166656 0.000000 0.000000 0.000000 0.590396 0.807114
92.800000000 -15.915091 -19.175560 0.000000 0.000000 0.000000 0.589893 0.807481
92.900000000 -15.926677 -19.184257 0.000000 0.000000 0.000000 0.589390 0.807848
93.000000000 -15.937176 -19.192836 0.000000 0.000000 0.000000 0.588850 0.808242
93.100000000 -15.948180 -19.201721 0.000000 0.000000 0.000000 0.588347 0.808609
93.200000000 -15.959069 -19.210370 0.000000 0.000000 0.000000 0.587824 0.808989
93.300000000 -15.967940 -19.218852 0.000000 0.000000 0.000000 0.587340 0.809340
93.400000000 -15.977839 -19.227306 0.000000 0.000000 0.000000 0.586818 0.809719
93.500000000 -15.986474 -19.235814 0.000000 0.000000 0.000000 0.586294 0.810098
93.600000000 -15.995976 -19.244408 0.000000 0.000000 0.000000 0.585771 0.810477
93.700000000 -16.007101 -19.252917 0.000000 0.000000 0.000000 0.585247 0.810855
93.800000000 -16.017445 -19.261607 0.000000 0.000000 0.000000 0.584762 0.811205
93.900000000 -16.026315 -19.269963 0.000000 0.000000 0.000000 0.584257 0.811568
94.000000000 -16.036201 -19.278417 0.000000 0.000000 0.000000 0.583752 0.811932
94.100000000 -16.046836 -19.287066 0.000000 0.000000 0.000000 0.583228 0.812309
94.200000000 -16.057173 -19.295620 0.000000 0.000000 0.000000 0.582684 0.812699
94.300000000 -16.067553 -19.304043 0.000000 0.000000 0.000000 0.582159 0.813075
94.400000000 -16.078271 -19.312622 0.000000 0.000000 0.000000 0.581634 0.813451
94.500000000 -16.091246 -19.321376 0.000000 0.000000 0.000000 0.581090 0.813839
94.600000000 -16.102899 -19.330083 0.000000 0.000000 0.000000 0.580583 0.814201
94.700000000 -16.114542 -19.338679 0.000000 0.000000 0.000000 0.580076 0.814562
94.800000000 -16.125593 -19.347131 0.000000 0.000000 0.000000 0.579550 0.814937
94.900000000 -16.135874 -19.355364 0.000000 0.000000 0.000000 0.579023 0.815311
