# timestamp x y z q0 q1 q2 q3
0.100000000 0.000000 0.000000 0.000000 0.000000 0.000000 0.000000 1.000000
0.100000000 0.000000 0.000000 0.000000 0.000000 0.000000 0.000000 1.000000
0.100000000 0.000000 0.000000 0.000000 0.000000 0.000000 0.000000 1.000000
0.100000000 0.000000 0.000000 0.000000 0.000000 0.000000 0.000000 1.000000
0.100000000 0.000000 0.000000 0.000000 0.000000 0.000000 0.000000 1.000000
0.100000000 0.000000 0.000000 0.000000 0.000000 0.000000 0.000000 1.000000
0.100000000 0.000000 0.000000 0.000000 0.000000 0.000000 0.000000 1.000000
0.800000000 -0.000017 -0.000004 0.000000 0.000000 0.000000 0.000000 1.000000
0.800000000 -0.000017 -0.000004 0.000000 0.000000 0.000000 0.000000 1.000000
0.800000000 -0.000017 -0.000004 0.000000 0.000000 0.000000 0.000000 1.000000
0.800000000 -0.000017 -0.000004 0.000000 0.000000 0.000000 0.000000 1.000000
1.200000000 -0.000016 -0.000004 0.000000 0.000000 0.000000 0.000000 1.000000
1.200000000 -0.000016 -0.000004 0.000000 0.000000 0.000000 0.000000 1.000000
1.400000000 -0.000014 -0.000001 0.000000 0.000000 0.000000 0.000000 1.000000
1.400000000 -0.000014 -0.000001 0.000000 0.000000 0.000000 0.000000 1.000000
1.600000000 -0.000014 -0.000002 0.000000 0.000000 0.000000 0.000000 1.000000
1.600000000 -0.000014 -0.000002 0.000000 0.000000 0.000000 0.000000 1.000000
1.800000000 -0.000015 0.000020 0.000000 0.000000 0.000000 0.000000 1.000000
1.800000000 -0.000015 0.000020 0.000000 0.000000 0.000000 0.000000 1.000000
2.000000000 -0.000015 0.000017 0.000000 0.000000 0.000000 0.000000 1.000000
2.100000000 -0.000014 0.000017 0.000000 0.000000 0.000000 0.000000 1.000000
2.100000000 -0.000014 0.000017 0.000000 0.000000 0.000000 0.000000 1.000000
2.300000000 -0.000013 0.000014 0.000000 0.000000 0.000000 0.000000 1.000000
2.400000000 -0.000018 0.000043 0.000000 0.000000 0.000000 0.000000 1.000000
2.500000000 -0.000021 0.000043 0.000000 0.000000 0.000000 0.000000 1.000000
2.600000000 -0.000021 0.000041 0.000000 0.000000 0.000000 0.000000 1.000000
2.600000000 -0.000021 0.000041 0.000000 0.000000 0.000000 0.000000 1.000000
2.800000000 -0.000023 0.000038 0.000000 0.000000 0.000000 0.000000 1.000000
2.900000000 -0.000060 0.000063 0.000000 0.000000 0.000000 0.000000 1.000000
3.000000000 -0.000058 0.000065 0.000000 0.000000 0.000000 0.000000 1.000000
3.100000000 -0.000056 0.000071 0.000000 0.000000 0.000000 0.000000 1.000000
3.200000000 -0.000063 0.000068 0.000000 0.000000 0.000000 0.000000 1.000000
3.300000000 -0.000061 0.000069 0.000000 0.000000 0.000000 0.000000 1.000000
3.400000000 -0.000060 0.000070 0.000000 0.000000 0.000000 0.000000 1.000000
3.500000000 -0.000094 0.000143 0.000000 0.000000 0.000000 0.000000 1.000000
3.600000000 -0.000097 0.000140 0.000000 0.000000 0.000000 0.000000 1.000000
3.700000000 -0.000054 -0.000249 0.000000 0.000000 0.000000 0.000000 1.000000
3.800000000 -0.000052 -0.000239 0.000000 0.000000 0.000000 0.000000 1.000000
3.900000000 -0.000766 -0.000307 0.000000 0.000000 0.000000 0.000000 1.000000
4.000000000 -0.004971 -0.000729 0.000000 0.000000 0.000000 0.000000 1.000000
4.100000000 -0.012888 -0.001336 0.000000 0.000000 0.000000 0.000000 1.000000
4.200000000 -0.024462 -0.002300 0.000000 0.000000 0.000000 0.000000 1.000000
4.300000000 -0.039521 -0.003353 0.000000 0.000000 0.000000 0.000000 1.000000
4.400000000 -0.058128 -0.004825 0.000000 0.000000 0.000000 0.000000 1.000000
4.500000000 -0.080291 -0.006064 0.000000 0.000000 0.000000 0.000000 1.000000
4.600000000 -0.105696 -0.006980 0.000000 0.000000 0.000000 0.000173 1.000000
4.700000000 -0.134149 -0.006922 0.000000 0.000000 0.000000 0.000518 1.000000
4.800000000 -0.165468 -0.005936 0.000000 0.000000 0.000000 0.001006 0.999999
4.900000000 -0.199246 -0.003956 0.000000 0.000000 0.000000 0.001604 0.999999
5.000000000 -0.235534 -0.001423 0.000000 0.000000 0.000000 0.002316 0.999997
5.100000000 -0.274555 0.000829 0.000000 0.000000 0.000000 0.003126 0.999995
5.200000000 -0.316660 0.002442 0.000000 0.000000 0.000000 0.004087 0.999992
5.300000000 -0.362233 0.003628 0.000000 0.000000 0.000000 0.005192 0.999987
5.400000000 -0.411459 0.004131 0.000000 0.000000 0.000000 0.006473 0.999979
5.500000000 -0.464213 0.004514 0.000000 0.000000 0.000000 0.007987 0.999968
5.600000000 -0.520645 0.004550 0.000000 0.000000 0.000000 0.009679 0.999953
5.700000000 -0.580382 0.004240 0.000000 0.000000 0.000000 0.011593 0.999933
5.800000000 -0.643705 0.003139 0.000000 0.000000 0.000000 0.013721 0.999906
5.900000000 -0.710532 0.001985 0.000000 0.000000 0.000000 0.016069 0.999871
6.000000000 -0.780754 0.000747 0.000000 0.000000 0.000000 0.018687 0.999825
6.100000000 -0.854320 -0.000431 0.000000 0.000000 0.000000 0.021502 0.999769
6.200000000 -0.931496 -0.000771 0.000000 0.000000 0.000000 0.024555 0.999698
6.300000000 -1.011682 -0.001069 0.000000 0.000000 0.000000 0.027834 0.999613
6.400000000 -1.095197 -0.000556 0.000000 0.000000 0.000000 0.031324 0.999509
6.500000000 -1.182255 0.000409 0.000000 0.000000 0.000000 0.035021 0.999387
6.600000000 -1.272557 0.001513 0.000000 0.000000 0.000000 0.038886 0.999244
6.700000000 -1.366041 0.002305 0.000000 0.000000 0.000000 0.042894 0.999080
6.800000000 -1.462888 0.002830 0.000000 0.000000 0.000000 0.047058 0.998892
6.900000000 -1.562982 0.002704 0.000000 0.000000 0.000000 0.051275 0.998685
7.000000000 -1.666412 0.002597 0.000000 0.000000 0.000000 0.055625 0.998452
7.100000000 -1.773183 0.002446 0.000000 0.000000 0.000000 0.059378 0.998236
7.200000000 -1.882999 0.000269 0.000000 0.000000 0.000000 0.061887 0.998083
7.300000000 -1.996131 -0.003551 0.000000 0.000000 0.000000 0.063265 0.997997
7.400000000 -2.112989 -0.007176 0.000000 0.000000 0.000000 0.063687 0.997970
7.500000000 -2.232907 -0.011026 0.000000 0.000000 0.000000 0.063389 0.997989
7.600000000 -2.355849 -0.015832 0.000000 0.000000 0.000000 0.062341 0.998055
7.700000000 -2.482033 -0.021976 0.000000 0.000000 0.000000 0.060790 0.998151
7.800000000 -2.611469 -0.029469 0.000000 0.000000 0.000000 0.058840 0.998267
7.900000000 -2.744393 -0.037668 0.000000 0.000000 0.000000 0.056613 0.998396
8.000000000 -2.880661 -0.046505 0.000000 0.000000 0.000000 0.054182 0.998531
8.100000000 -3.020231 -0.055973 0.000000 0.000000 0.000000 0.051642 0.998666
8.200000000 -3.163200 -0.065738 0.000000 0.000000 0.000000 0.049079 0.998795
8.300000000 -3.309517 -0.075873 0.000000 0.000000 0.000000 0.046510 0.998918
8.400000000 -3.459062 -0.085942 0.000000 0.000000 0.000000 0.044077 0.999028
8.500000000 -3.611694 -0.096253 0.000000 0.000000 0.000000 0.041725 0.999129
8.600000000 -3.767634 -0.106646 0.000000 0.000000 0.000000 0.039570 0.999217
8.700000000 -3.926883 -0.116504 0.000000 0.000000 0.000000 0.037634 0.999292
8.800000000 -4.089635 -0.126194 0.000000 0.000000 0.000000 0.035866 0.999357
8.900000000 -4.255756 -0.135491 0.000000 0.000000 0.000000 0.034342 0.999410
9.000000000 -4.425387 -0.144591 0.000000 0.000000 0.000000 0.033040 0.999454
9.100000000 -4.598478 -0.154453 0.000000 0.000000 0.000000 0.031976 0.999489
9.200000000 -4.774549 -0.164513 0.000000 0.000000 0.000000 0.032708 0.999465
9.300000000 -4.953930 -0.172191 0.000000 0.000000 0.000000 0.036691 0.999327
9.400000000 -5.137030 -0.178126 0.000000 0.000000 0.000000 0.043097 0.999071
9.500000000 -5.322631 -0.183009 0.000000 0.000000 0.000000 0.051150 0.998691
9.600000000 -5.511614 -0.186767 0.000000 0.000000 0.000000 0.060150 0.998189
9.700000000 -5.703615 -0.190025 0.000000 0.000000 0.000000 0.069510 0.997581
9.800000000 -5.898639 -0.194319 0.000000 0.000000 0.000000 0.078865 0.996885
9.900000000 -6.096494 -0.198994 0.000000 0.000000 0.000000 0.087870 0.996132
10.000000000 -6.295092 -0.205206 0.000000 0.000000 0.000000 0.096234 0.995359
10.100000000 -6.494202 -0.212127 0.000000 0.000000 0.000000 0.103652 0.994614
10.200000000 -6.693859 -0.220254 0.000000 0.000000 0.000000 0.110138 0.993916
10.300000000 -6.893184 -0.228543 0.000000 0.000000 0.000000 0.115824 0.993270
10.400000000 -7.091994 -0.237459 0.000000 0.000000 0.000000 0.120766 0.992681
10.500000000 -7.291218 -0.247476 0.000000 0.000000 0.000000 0.124795 0.992183
10.600000000 -7.491111 -0.258817 0.000000 0.000000 0.000000 0.127853 0.991793
10.700000000 -7.690240 -0.269450 0.000000 0.000000 0.000000 0.130232 0.991484
10.800000000 -7.888878 -0.279668 0.000000 0.000000 0.000000 0.132198 0.991223
10.900000000 -8.087837 -0.291056 0.000000 0.000000 0.000000 0.133670 0.991026
11.000000000 -8.287230 -0.303475 0.000000 0.000000 0.000000 0.134667 0.990891
11.100000000 -8.486922 -0.316508 0.000000 0.000000 0.000000 0.135208 0.990817
11.200000000 -8.686654 -0.329690 0.000000 0.000000 0.000000 0.135450 0.990784
11.300000000 -8.886474 -0.342910 0.000000 0.000000 0.000000 0.135450 0.990784
11.400000000 -9.086187 -0.356294 0.000000 0.000000 0.000000 0.135450 0.990784
11.500000000 -9.285881 -0.369435 0.000000 0.000000 0.000000 0.135154 0.990825
11.600000000 -9.485425 -0.382696 0.000000 0.000000 0.000000 0.134812 0.990871
11.700000000 -9.685119 -0.395854 0.000000 0.000000 0.000000 0.134429 0.990923
11.800000000 -9.884772 -0.408696 0.000000 0.000000 0.000000 0.133977 0.990984
11.900000000 -10.084318 -0.421614 0.000000 0.000000 0.000000 0.133493 0.991050
12.000000000 -10.283850 -0.434089 0.000000 0.000000 0.000000 0.133151 0.991096
12.100000000 -10.483366 -0.446713 0.000000 0.000000 0.000000 0.132768 0.991147
12.200000000 -10.682684 -0.459079 0.000000 0.000000 0.000000 0.132426 0.991193
12.300000000 -10.882188 -0.471401 0.000000 0.000000 0.000000 0.132129 0.991232
12.400000000 -11.081468 -0.483570 0.000000 0.000000 0.000000 0.131887 0.991265
12.500000000 -11.280658 -0.495443 0.000000 0.000000 0.000000 0.131645 0.991297
12.600000000 -11.479974 -0.507525 0.000000 0.000000 0.000000 0.131474 0.991320
12.700000000 -11.679033 -0.519552 0.000000 0.000000 0.000000 0.131303 0.991342
12.800000000 -11.878095 -0.531264 0.000000 0.000000 0.000000 0.131061 0.991374
12.900000000 -12.077039 -0.543170 0.000000 0.000000 0.000000 0.130890 0.991397
13.000000000 -12.273080 -0.554297 0.000000 0.000000 0.000000 0.130719 0.991419
13.100000000 -12.465855 -0.564766 0.000000 0.000000 0.000000 0.130548 0.991442
13.200000000 -12.655278 -0.574214 0.000000 0.000000 0.000000 0.130205 0.991487
13.300000000 -12.841242 -0.582879 0.000000 0.000000 0.000000 0.129823 0.991537
13.400000000 -13.024009 -0.590420 0.000000 0.000000 0.000000 0.129205 0.991618
13.500000000 -13.203429 -0.596716 0.000000 0.000000 0.000000 0.128499 0.991710
13.600000000 -13.379643 -0.601876 0.000000 0.000000 0.000000 0.127734 0.991808
13.700000000 -13.552377 -0.606064 0.000000 0.000000 0.000000 0.126812 0.991927
13.800000000 -13.722282 -0.609004 0.000000 0.000000 0.000000 0.125813 0.992054
13.900000000 -13.888883 -0.611027 0.000000 0.000000 0.000000 0.124703 0.992194
14.000000000 -14.052456 -0.612673 0.000000 0.000000 0.000000 0.123529 0.992341
14.100000000 -14.213001 -0.613147 0.000000 0.000000 0.000000 0.122247 0.992500
14.200000000 -14.370202 -0.613238 0.000000 0.000000 0.000000 0.120898 0.992665
14.300000000 -14.524494 -0.612732 0.000000 0.000000 0.000000 0.119433 0.992842
14.400000000 -14.675378 -0.611864 0.000000 0.000000 0.000000 0.116991 0.993133
14.500000000 -14.821900 -0.612131 0.000000 0.000000 0.000000 0.112731 0.993626
14.600000000 -14.965650 -0.613658 0.000000 0.000000 0.000000 0.106179 0.994347
14.700000000 -15.104999 -0.613883 0.000000 0.000000 0.000000 0.098646 0.995123
14.800000000 -15.241503 -0.613333 0.000000 0.000000 0.000000 0.090569 0.995890
14.900000000 -15.374550 -0.612356 0.000000 0.000000 0.000000 0.081957 0.996636
15.000000000 -15.504273 -0.611535 0.000000 0.000000 0.000000 0.073110 0.997324
15.100000000 -15.630855 -0.610586 0.000000 0.000000 0.000000 0.064334 0.997928
15.200000000 -15.753774 -0.609408 0.000000 0.000000 0.000000 0.055925 0.998435
15.300000000 -15.872732 -0.607004 0.000000 0.000000 0.000000 0.047874 0.998853
15.400000000 -15.988363 -0.604492 0.000000 0.000000 0.000000 0.040163 0.999193
15.500000000 -16.101102 -0.601720 0.000000 0.000000 0.000000 0.032641 0.999467
15.600000000 -16.210715 -0.599653 0.000000 0.000000 0.000000 0.025490 0.999675
15.700000000 -16.317114 -0.597373 0.000000 0.000000 0.000000 0.018911 0.999821
15.800000000 -16.419814 -0.594586 0.000000 0.000000 0.000000 0.012917 0.999917
15.900000000 -16.519250 -0.591805 0.000000 0.000000 0.000000 0.007502 0.999972
16.000000000 -16.615600 -0.587855 0.000000 0.000000 0.000000 0.002505 0.999997
16.100000000 -16.709002 -0.582730 0.000000 0.000000 0.000000 -0.002108 0.999998
16.200000000 -16.799636 -0.576561 0.000000 0.000000 0.000000 -0.006389 0.999980
16.300000000 -16.887214 -0.571106 0.000000 0.000000 0.000000 -0.010333 0.999947
16.400000000 -16.971072 -0.566377 0.000000 0.000000 0.000000 -0.013938 0.999903
16.500000000 -17.050904 -0.563004 0.000000 0.000000 0.000000 -0.017186 0.999852
16.600000000 -17.127132 -0.559639 0.000000 0.000000 0.000000 -0.020165 0.999797
16.700000000 -17.199950 -0.557000 0.000000 0.000000 0.000000 -0.022867 0.999739
16.800000000 -17.269507 -0.554647 0.000000 0.000000 0.000000 -0.025332 0.999679
16.900000000 -17.335843 -0.552260 0.000000 0.000000 0.000000 -0.027582 0.999620
17.000000000 -17.398939 -0.549807 0.000000 0.000000 0.000000 -0.029688 0.999559
17.100000000 -17.458544 -0.547828 0.000000 0.000000 0.000000 -0.031602 0.999501
17.200000000 -17.515054 -0.545708 0.000000 0.000000 0.000000 -0.033403 0.999442
17.300000000 -17.568221 -0.543720 0.000000 0.000000 0.000000 -0.035031 0.999386
17.400000000 -17.618341 -0.542170 0.000000 0.000000 0.000000 -0.036495 0.999334
17.500000000 -17.665107 -0.540779 0.000000 0.000000 0.000000 -0.037853 0.999283
17.600000000 -17.708482 -0.539319 0.000000 0.000000 0.000000 -0.039085 0.999236
17.700000000 -17.748687 -0.538023 0.000000 0.000000 0.000000 -0.040268 0.999189
17.800000000 -17.785539 -0.536922 0.000000 0.000000 0.000000 -0.041345 0.999145
17.900000000 -17.819154 -0.536062 0.000000 0.000000 0.000000 -0.042336 0.999103
18.000000000 -17.849469 -0.535180 0.000000 0.000000 0.000000 -0.043296 0.999062
18.100000000 -17.876644 -0.534661 0.000000 0.000000 0.000000 -0.044225 0.999022
18.200000000 -17.900561 -0.534186 0.000000 0.000000 0.000000 -0.045015 0.998986
18.300000000 -17.921178 -0.534007 0.000000 0.000000 0.000000 -0.045824 0.998950
18.400000000 -17.938541 -0.533851 0.000000 0.000000 0.000000 -0.046576 0.998915
18.500000000 -17.952707 -0.533803 0.000000 0.000000 0.000000 -0.047307 0.998880
18.600000000 -17.963551 -0.534150 0.000000 0.000000 0.000000 -0.048039 0.998845
18.700000000 -17.971120 -0.534578 0.000000 0.000000 0.000000 -0.048770 0.998810
18.800000000 -17.975500 -0.535090 0.000000 0.000000 0.000000 -0.049438 0.998777
18.900000000 -17.976371 -0.535706 0.000000 0.000000 0.000000 -0.050170 0.998741
19.000000000 -17.974046 -0.536493 0.000000 0.000000 0.000000 -0.050881 0.998705
19.100000000 -17.968393 -0.537522 0.000000 0.000000 0.000000 -0.051570 0.998669
19.200000000 -17.959519 -0.538480 0.000000 0.000000 0.000000 -0.052260 0.998634
19.300000000 -17.947165 -0.539707 0.000000 0.000000 0.000000 -0.052928 0.998598
19.400000000 -17.931625 -0.540514 0.000000 0.000000 0.000000 -0.053617 0.998562
19.500000000 -17.912802 -0.542273 0.000000 0.000000 0.000000 -0.054285 0.998525
19.600000000 -17.890777 -0.544195 0.000000 0.000000 0.000000 -0.054952 0.998489
19.700000000 -17.865538 -0.546141 0.000000 0.000000 0.000000 -0.055642 0.998451
19.800000000 -17.837173 -0.548539 0.000000 0.000000 0.000000 -0.056331 0.998412
19.900000000 -17.805200 -0.551183 0.000000 0.000000 0.000000 -0.057042 0.998372
20.000000000 -17.769895 -0.554436 0.000000 0.000000 0.000000 -0.057731 0.998332
20.100000000 -17.730968 -0.559292 0.000000 0.000000 0.000000 -0.058276 0.998300
20.200000000 -17.688424 -0.565491 0.000000 0.000000 0.000000 -0.058449 0.998290
20.300000000 -17.642588 -0.573192 0.000000 0.000000 0.000000 -0.058276 0.998300
20.400000000 -17.593969 -0.579826 0.000000 0.000000 0.000000 -0.057609 0.998339
20.500000000 -17.542573 -0.585001 0.000000 0.000000 0.000000 -0.056747 0.998389
20.600000000 -17.488102 -0.589087 0.000000 0.000000 0.000000 -0.055742 0.998445
20.700000000 -17.430378 -0.593624 0.000000 0.000000 0.000000 -0.054464 0.998516
20.800000000 -17.369551 -0.598112 0.000000 0.000000 0.000000 -0.052837 0.998603
20.900000000 -17.305678 -0.602554 0.000000 0.000000 0.000000 -0.050872 0.998705
21.000000000 -17.238302 -0.607263 0.000000 0.000000 0.000000 -0.048571 0.998820
21.100000000 -17.167249 -0.612146 0.000000 0.000000 0.000000 -0.045928 0.998945
21.200000000 -17.092500 -0.618211 0.000000 0.000000 0.000000 -0.042862 0.999081
21.300000000 -17.014155 -0.625883 0.000000 0.000000 0.000000 -0.039302 0.999227
21.400000000 -16.932616 -0.634199 0.000000 0.000000 0.000000 -0.035275 0.999378
21.500000000 -16.848412 -0.642777 0.000000 0.000000 0.000000 -0.030779 0.999526
21.600000000 -16.761473 -0.650488 0.000000 0.000000 0.000000 -0.025828 0.999666
21.700000000 -16.671989 -0.657159 0.000000 0.000000 0.000000 -0.020357 0.999793
21.800000000 -16.578998 -0.663192 0.000000 0.000000 0.000000 -0.014271 0.999898
21.900000000 -16.482219 -0.669792 0.000000 0.000000 0.000000 -0.007504 0.999972
22.000000000 -16.381994 -0.677658 0.000000 0.000000 0.000000 -0.000048 1.000000
22.100000000 -16.279223 -0.686715 0.000000 0.000000 0.000000 0.007958 0.999968
22.200000000 -16.175141 -0.692845 0.000000 0.000000 0.000000 0.016779 0.999859
22.300000000 -16.070713 -0.698936 0.000000 0.000000 0.000000 0.026609 0.999646
22.400000000 -15.966485 -0.705413 0.000000 0.000000 0.000000 0.037041 0.999314
22.500000000 -15.862916 -0.711829 0.000000 0.000000 0.000000 0.048098 0.998843
22.600000000 -15.760342 -0.718268 0.000000 0.000000 0.000000 0.059910 0.998204
22.700000000 -15.657850 -0.723670 0.000000 0.000000 0.000000 0.072655 0.997357
22.800000000 -15.555303 -0.731575 0.000000 0.000000 0.000000 0.086340 0.996266
22.900000000 -15.452269 -0.741737 0.000000 0.000000 0.000000 0.100706 0.994916
23.000000000 -15.349421 -0.747406 0.000000 0.000000 0.000000 0.116043 0.993244
23.100000000 -15.246730 -0.752013 0.000000 0.000000 0.000000 0.132233 0.991219
23.200000000 -15.144573 -0.759493 0.000000 0.000000 0.000000 0.149412 0.988775
23.300000000 -15.042968 -0.768441 0.000000 0.000000 0.000000 0.167291 0.985908
23.400000000 -14.942226 -0.773811 0.000000 0.000000 0.000000 0.186282 0.982496
23.500000000 -14.841975 -0.781407 0.000000 0.000000 0.000000 0.206391 0.978469
23.600000000 -14.742859 -0.790457 0.000000 0.000000 0.000000 0.227209 0.973846
23.700000000 -14.645302 -0.794630 0.000000 0.000000 0.000000 0.248727 0.968574
23.800000000 -14.547359 -0.794612 0.000000 0.000000 0.000000 0.270996 0.962580
23.900000000 -14.452203 -0.794897 0.000000 0.000000 0.000000 0.293856 0.955850
24.000000000 -14.360328 -0.797835 0.000000 0.000000 0.000000 0.317157 0.948373
24.100000000 -14.271497 -0.803500 0.000000 0.000000 0.000000 0.340682 0.940179
24.200000000 -14.184954 -0.809749 0.000000 0.000000 0.000000 0.364224 0.931311
24.300000000 -14.100643 -0.817417 0.000000 0.000000 0.000000 0.387830 0.921731
24.400000000 -14.015769 -0.826709 0.000000 0.000000 0.000000 0.411249 0.911523
24.500000000 -13.931981 -0.838279 0.000000 0.000000 0.000000 0.434462 0.900690
24.600000000 -13.848622 -0.850811 0.000000 0.000000 0.000000 0.457470 0.889225
24.700000000 -13.766111 -0.867478 0.000000 0.000000 0.000000 0.480146 0.877189
24.800000000 -13.685639 -0.885018 0.000000 0.000000 0.000000 0.502440 0.864612
24.900000000 -13.605763 -0.904550 0.000000 0.000000 0.000000 0.524446 0.851443
25.000000000 -13.527378 -0.924826 0.000000 0.000000 0.000000 0.546166 0.837677
25.100000000 -13.451719 -0.949493 0.000000 0.000000 0.000000 0.567599 0.823305
25.200000000 -13.376114 -0.978719 0.000000 0.000000 0.000000 0.588684 0.808363
25.300000000 -13.301356 -1.005968 0.000000 0.000000 0.000000 0.609331 0.792916
25.400000000 -13.226849 -1.035506 0.000000 0.000000 0.000000 0.629537 0.776970
25.500000000 -13.152080 -1.064418 0.000000 0.000000 0.000000 0.649432 0.760419
25.600000000 -13.077565 -1.091788 0.000000 0.000000 0.000000 0.669041 0.743226
25.700000000 -13.002699 -1.121006 0.000000 0.000000 0.000000 0.688184 0.725536
25.800000000 -12.929721 -1.153776 0.000000 0.000000 0.000000 0.706870 0.707344
25.900000000 -12.857448 -1.187139 0.000000 0.000000 0.000000 0.725170 0.688570
26.000000000 -12.785087 -1.221961 0.000000 0.000000 0.000000 0.743097 0.669183
26.100000000 -12.712337 -1.260363 0.000000 0.000000 0.000000 0.760663 0.649147
26.200000000 -12.639480 -1.305322 0.000000 0.000000 0.000000 0.777622 0.628732
26.300000000 -12.566438 -1.352095 0.000000 0.000000 0.000000 0.793929 0.608010
26.400000000 -12.492851 -1.402638 0.000000 0.000000 0.000000 0.809510 0.587105
26.500000000 -12.415817 -1.457489 0.000000 0.000000 0.000000 0.824223 0.566265
26.600000000 -12.337349 -1.519024 0.000000 0.000000 0.000000 0.837997 0.545674
26.700000000 -12.256873 -1.581693 0.000000 0.000000 0.000000 0.850904 0.525321
26.800000000 -12.175416 -1.645418 0.000000 0.000000 0.000000 0.862803 0.505540
26.900000000 -12.091614 -1.711095 0.000000 0.000000 0.000000 0.873710 0.486448
27.000000000 -12.004376 -1.781048 0.000000 0.000000 0.000000 0.883777 0.467908
27.100000000 -11.916455 -1.852032 0.000000 0.000000 0.000000 0.893051 0.449956
27.200000000 -11.824510 -1.925388 0.000000 0.000000 0.000000 0.901301 0.433192
27.300000000 -11.729403 -2.000323 0.000000 0.000000 0.000000 0.908886 0.417045
27.400000000 -11.631928 -2.078721 0.000000 0.000000 0.000000 0.915614 0.402058
27.500000000 -11.530289 -2.160513 0.000000 0.000000 0.000000 0.921479 0.388429
27.600000000 -11.425777 -2.245135 0.000000 0.000000 0.000000 0.926664 0.375892
27.700000000 -11.317913 -2.330801 0.000000 0.000000 0.000000 0.931005 0.365006
27.800000000 -11.206213 -2.421064 0.000000 0.000000 0.000000 0.934753 0.355299
27.900000000 -11.092168 -2.510008 0.000000 0.000000 0.000000 0.937698 0.347451
28.000000000 -10.974163 -2.602629 0.000000 0.000000 0.000000 0.939984 0.341220
28.100000000 -10.853107 -2.696036 0.000000 0.000000 0.000000 0.941489 0.337044
28.200000000 -10.728815 -2.790274 0.000000 0.000000 0.000000 0.942209 0.335027
28.300000000 -10.600359 -2.888600 0.000000 0.000000 0.000000 0.942209 0.335027
28.400000000 -10.470145 -2.985799 0.000000 0.000000 0.000000 0.941370 0.337377
28.500000000 -10.335390 -3.086070 0.000000 0.000000 0.000000 0.940058 0.341016
28.600000000 -10.199255 -3.184584 0.000000 0.000000 0.000000 0.938257 0.345939
28.700000000 -10.060373 -3.285942 0.000000 0.000000 0.000000 0.936096 0.351745
28.800000000 -9.918411 -3.390884 0.000000 0.000000 0.000000 0.933731 0.357975
28.900000000 -9.773490 -3.498888 0.000000 0.000000 0.000000 0.931247 0.364388
29.000000000 -9.626622 -3.608260 0.000000 0.000000 0.000000 0.928698 0.370836
29.100000000 -9.477626 -3.719723 0.000000 0.000000 0.000000 0.926144 0.377170
29.200000000 -9.327484 -3.832964 0.000000 0.000000 0.000000 0.923641 0.383258
29.300000000 -9.175350 -3.946984 0.000000 0.000000 0.000000 0.921258 0.388951
29.400000000 -9.021746 -4.062828 0.000000 0.000000 0.000000 0.919043 0.394157
29.500000000 -8.866107 -4.181255 0.000000 0.000000 0.000000 0.917056 0.398759
29.600000000 -8.707634 -4.301620 0.000000 0.000000 0.000000 0.915310 0.402751
29.700000000 -8.546716 -4.425512 0.000000 0.000000 0.000000 0.913726 0.406330
29.800000000 -8.384679 -4.550677 0.000000 0.000000 0.000000 0.912278 0.409572
29.900000000 -8.222853 -4.675515 0.000000 0.000000 0.000000 0.910954 0.412507
30.000000000 -8.061514 -4.800148 0.000000 0.000000 0.000000 0.909776 0.415099
30.100000000 -7.900990 -4.924951 0.000000 0.000000 0.000000 0.908796 0.417240
30.200000000 -7.741355 -5.049631 0.000000 0.000000 0.000000 0.908067 0.418824
30.300000000 -7.581924 -5.174975 0.000000 0.000000 0.000000 0.907555 0.419932
30.400000000 -7.422204 -5.300845 0.000000 0.000000 0.000000 0.907215 0.420667
30.500000000 -7.262014 -5.426513 0.000000 0.000000 0.000000 0.906953 0.421232
30.600000000 -7.101568 -5.551937 0.000000 0.000000 0.000000 0.906747 0.421674
30.700000000 -6.941286 -5.677213 0.000000 0.000000 0.000000 0.906585 0.422024
30.800000000 -6.780741 -5.802295 0.000000 0.000000 0.000000 0.906481 0.422246
30.900000000 -6.620351 -5.927606 0.000000 0.000000 0.000000 0.906378 0.422467
31.000000000 -6.459791 -6.052519 0.000000 0.000000 0.000000 0.906378 0.422467
31.100000000 -6.299261 -6.177443 0.000000 0.000000 0.000000 0.906378 0.422467
31.200000000 -6.138796 -6.302667 0.000000 0.000000 0.000000 0.906378 0.422467
31.300000000 -5.978236 -6.427832 0.000000 0.000000 0.000000 0.906378 0.422467
31.400000000 -5.817908 -6.553389 0.000000 0.000000 0.000000 0.906378 0.422467
31.500000000 -5.657722 -6.678194 0.000000 0.000000 0.000000 0.906378 0.422467
31.600000000 -5.499312 -6.800872 0.000000 0.000000 0.000000 0.906378 0.422467
31.700000000 -5.343295 -6.921465 0.000000 0.000000 0.000000 0.906451 0.422310
31.800000000 -5.189275 -7.039441 0.000000 0.000000 0.000000 0.906554 0.422089
31.900000000 -5.037656 -7.155486 0.000000 0.000000 0.000000 0.906700 0.421776
32.000000000 -4.888567 -7.268907 0.000000 0.000000 0.000000 0.906941 0.421257
32.100000000 -4.741815 -7.380042 0.000000 0.000000 0.000000 0.907241 0.420611
32.200000000 -4.597902 -7.488636 0.000000 0.000000 0.000000 0.907611 0.419812
32.300000000 -4.456110 -7.595541 0.000000 0.000000 0.000000 0.908033 0.418899
32.400000000 -4.317038 -7.699880 0.000000 0.000000 0.000000 0.908528 0.417824
32.500000000 -4.179961 -7.801622 0.000000 0.000000 0.000000 0.909072 0.416639
32.600000000 -4.045316 -7.900922 0.000000 0.000000 0.000000 0.909668 0.415335
32.700000000 -3.913234 -7.997666 0.000000 0.000000 0.000000 0.910313 0.413921
32.800000000 -3.783449 -8.092011 0.000000 0.000000 0.000000 0.910997 0.412413
32.900000000 -3.655870 -8.184060 0.000000 0.000000 0.000000 0.911714 0.410824
33.000000000 -3.530459 -8.273410 0.000000 0.000000 0.000000 0.912453 0.409181
33.100000000 -3.407489 -8.360940 0.000000 0.000000 0.000000 0.913216 0.407476
33.200000000 -3.286575 -8.445487 0.000000 0.000000 0.000000 0.913998 0.405720
33.300000000 -3.167911 -8.528112 0.000000 0.000000 0.000000 0.914791 0.403927
33.400000000 -3.050944 -8.608392 0.000000 0.000000 0.000000 0.915816 0.401599
33.500000000 -2.935867 -8.690363 0.000000 0.000000 0.000000 0.917296 0.398205
33.600000000 -2.825138 -8.769241 0.000000 0.000000 0.000000 0.919350 0.393442
33.700000000 -2.715982 -8.849624 0.000000 0.000000 0.000000 0.921847 0.387555
33.800000000 -2.610331 -8.925524 0.000000 0.000000 0.000000 0.924961 0.380062
33.900000000 -2.506745 -9.003706 0.000000 0.000000 0.000000 0.928496 0.371342
34.000000000 -2.405620 -9.079946 0.000000 0.000000 0.000000 0.932465 0.361260
34.100000000 -2.308149 -9.150036 0.000000 0.000000 0.000000 0.936827 0.349794
34.200000000 -2.212381 -9.223573 0.000000 0.000000 0.000000 0.941213 0.337813
34.300000000 -2.119066 -9.293047 0.000000 0.000000 0.000000 0.945569 0.325423
34.400000000 -2.028430 -9.360910 0.000000 0.000000 0.000000 0.949789 0.312891
34.500000000 -1.939503 -9.427834 0.000000 0.000000 0.000000 0.953754 0.300587
34.600000000 -1.853005 -9.490116 0.000000 0.000000 0.000000 0.957467 0.288544
34.700000000 -1.770043 -9.549728 0.000000 0.000000 0.000000 0.960888 0.276938
34.800000000 -1.690912 -9.602195 0.000000 0.000000 0.000000 0.964061 0.265681
34.900000000 -1.614233 -9.653130 0.000000 0.000000 0.000000 0.966965 0.254911
35.000000000 -1.539721 -9.710291 0.000000 0.000000 0.000000 0.969525 0.244992
35.100000000 -1.468319 -9.768338 0.000000 0.000000 0.000000 0.971801 0.235804
35.200000000 -1.399654 -9.820976 0.000000 0.000000 0.000000 0.973838 0.227243
35.300000000 -1.334275 -9.865500 0.000000 0.000000 0.000000 0.975687 0.219170
35.400000000 -1.271560 -9.906735 0.000000 0.000000 0.000000 0.977368 0.211547
35.500000000 -1.211904 -9.949593 0.000000 0.000000 0.000000 0.978864 0.204511
35.600000000 -1.154940 -9.996987 0.000000 0.000000 0.000000 0.980142 0.198296
35.700000000 -1.100971 -10.043046 0.000000 0.000000 0.000000 0.981264 0.192666
35.800000000 -1.049563 -10.085482 0.000000 0.000000 0.000000 0.982280 0.187420
35.900000000 -1.001236 -10.125549 0.000000 0.000000 0.000000 0.983200 0.182529
36.000000000 -0.955700 -10.162150 0.000000 0.000000 0.000000 0.984069 0.177790
36.100000000 -0.913201 -10.196452 0.000000 0.000000 0.000000 0.984884 0.173213
36.200000000 -0.873830 -10.231605 0.000000 0.000000 0.000000 0.985628 0.168931
36.300000000 -0.837478 -10.265248 0.000000 0.000000 0.000000 0.986317 0.164860
36.400000000 -0.804187 -10.298372 0.000000 0.000000 0.000000 0.986958 0.160976
36.500000000 -0.774070 -10.328719 0.000000 0.000000 0.000000 0.987555 0.157277
36.600000000 -0.747046 -10.357958 0.000000 0.000000 0.000000 0.988114 0.153724
36.700000000 -0.723208 -10.383523 0.000000 0.000000 0.000000 0.988644 0.150273
36.800000000 -0.702562 -10.409845 0.000000 0.000000 0.000000 0.989146 0.146937
36.900000000 -0.684985 -10.434586 0.000000 0.000000 0.000000 0.989621 0.143701
37.000000000 -0.670443 -10.457503 0.000000 0.000000 0.000000 0.990084 0.140476
37.100000000 -0.658992 -10.479700 0.000000 0.000000 0.000000 0.990528 0.137310
37.200000000 -0.650474 -10.500131 0.000000 0.000000 0.000000 0.990957 0.134180
37.300000000 -0.645180 -10.520412 0.000000 0.000000 0.000000 0.991373 0.131071
37.400000000 -0.642756 -10.539129 0.000000 0.000000 0.000000 0.991776 0.127985
37.500000000 -0.643593 -10.557938 0.000000 0.000000 0.000000 0.992167 0.124922
37.600000000 -0.647184 -10.575521 0.000000 0.000000 0.000000 0.992548 0.121857
37.700000000 -0.654438 -10.594022 0.000000 0.000000 0.000000 0.992920 0.118787
37.800000000 -0.664519 -10.611651 0.000000 0.000000 0.000000 0.993282 0.115715
37.900000000 -0.677406 -10.629227 0.000000 0.000000 0.000000 0.993632 0.112671
38.000000000 -0.693715 -10.646762 0.000000 0.000000 0.000000 0.993977 0.109588
38.100000000 -0.713086 -10.663799 0.000000 0.000000 0.000000 0.994312 0.106504
38.200000000 -0.735274 -10.680583 0.000000 0.000000 0.000000 0.994637 0.103428
38.300000000 -0.760845 -10.696967 0.000000 0.000000 0.000000 0.994954 0.100336
38.400000000 -0.789577 -10.712691 0.000000 0.000000 0.000000 0.995259 0.097259
38.500000000 -0.821914 -10.728653 0.000000 0.000000 0.000000 0.995563 0.094095
38.600000000 -0.857668 -10.744121 0.000000 0.000000 0.000000 0.995858 0.090920
38.700000000 -0.896667 -10.758907 0.000000 0.000000 0.000000 0.996145 0.087727
38.800000000 -0.939161 -10.772901 0.000000 0.000000 0.000000 0.996417 0.084574
38.900000000 -0.984991 -10.786394 0.000000 0.000000 0.000000 0.996674 0.081487
39.000000000 -1.034342 -10.798973 0.000000 0.000000 0.000000 0.996916 0.078477
39.100000000 -1.087171 -10.810257 0.000000 0.000000 0.000000 0.997141 0.075561
39.200000000 -1.143336 -10.819227 0.000000 0.000000 0.000000 0.997348 0.072780
39.300000000 -1.202985 -10.828079 0.000000 0.000000 0.000000 0.997533 0.070202
39.400000000 -1.265956 -10.834409 0.000000 0.000000 0.000000 0.997697 0.067822
39.500000000 -1.332109 -10.839409 0.000000 0.000000 0.000000 0.997844 0.065630
39.600000000 -1.401488 -10.843869 0.000000 0.000000 0.000000 0.997966 0.063743
39.700000000 -1.474052 -10.847444 0.000000 0.000000 0.000000 0.998070 0.062099
39.800000000 -1.549514 -10.849962 0.000000 0.000000 0.000000 0.998149 0.060810
39.900000000 -1.628254 -10.851898 0.000000 0.000000 0.000000 0.998205 0.059898
40.000000000 -1.710044 -10.853139 0.000000 0.000000 0.000000 0.998228 0.059513
40.100000000 -1.795546 -10.852841 0.000000 0.000000 0.000000 0.998228 0.059513
40.200000000 -1.885404 -10.853298 0.000000 0.000000 0.000000 0.998179 0.060321
40.300000000 -1.977547 -10.853143 0.000000 0.000000 0.000000 0.998078 0.061974
40.400000000 -2.072401 -10.850965 0.000000 0.000000 0.000000 0.997925 0.064386
40.500000000 -2.170693 -10.847770 0.000000 0.000000 0.000000 0.997708 0.067663
40.600000000 -2.273303 -10.843249 0.000000 0.000000 0.000000 0.997414 0.071864
40.700000000 -2.378634 -10.837773 0.000000 0.000000 0.000000 0.997023 0.077103
40.800000000 -2.486152 -10.830815 0.000000 0.000000 0.000000 0.996495 0.083653
40.900000000 -2.597615 -10.821270 0.000000 0.000000 0.000000 0.995808 0.091464
41.000000000 -2.712154 -10.814870 0.000000 0.000000 0.000000 0.994931 0.100560
41.100000000 -2.825568 -10.804499 0.000000 0.000000 0.000000 0.993823 0.110978
41.200000000 -2.940613 -10.796911 0.000000 0.000000 0.000000 0.992455 0.122608
41.300000000 -3.054785 -10.789829 0.000000 0.000000 0.000000 0.990800 0.135334
41.400000000 -3.168414 -10.780356 0.000000 0.000000 0.000000 0.988803 0.149224
41.500000000 -3.283293 -10.773567 0.000000 0.000000 0.000000 0.986422 0.164229
41.600000000 -3.396175 -10.763414 0.000000 0.000000 0.000000 0.983602 0.180351
41.700000000 -3.509994 -10.752876 0.000000 0.000000 0.000000 0.980282 0.197605
41.800000000 -3.625223 -10.744214 0.000000 0.000000 0.000000 0.976431 0.215830
41.900000000 -3.740026 -10.738135 0.000000 0.000000 0.000000 0.971947 0.235202
42.000000000 -3.855601 -10.732135 0.000000 0.000000 0.000000 0.966739 0.255765
42.100000000 -3.970516 -10.726350 0.000000 0.000000 0.000000 0.960755 0.277397
42.200000000 -4.085031 -10.718139 0.000000 0.000000 0.000000 0.953968 0.299908
42.300000000 -4.200370 -10.709616 0.000000 0.000000 0.000000 0.946358 0.323119
42.400000000 -4.317038 -10.702412 0.000000 0.000000 0.000000 0.937837 0.347075
42.500000000 -4.432646 -10.692298 0.000000 0.000000 0.000000 0.928452 0.371452
42.600000000 -4.547232 -10.683317 0.000000 0.000000 0.000000 0.918061 0.396438
42.700000000 -4.662393 -10.675102 0.000000 0.000000 0.000000 0.906702 0.421772
42.800000000 -4.774906 -10.661494 0.000000 0.000000 0.000000 0.894522 0.447024
42.900000000 -4.886331 -10.645935 0.000000 0.000000 0.000000 0.881512 0.472162
43.000000000 -4.995556 -10.627486 0.000000 0.000000 0.000000 0.867579 0.497300
43.100000000 -5.100766 -10.609789 0.000000 0.000000 0.000000 0.852943 0.522004
43.200000000 -5.203543 -10.595645 0.000000 0.000000 0.000000 0.837541 0.546375
43.300000000 -5.305227 -10.587609 0.000000 0.000000 0.000000 0.821343 0.570435
43.400000000 -5.404791 -10.582585 0.000000 0.000000 0.000000 0.804535 0.593905
43.500000000 -5.504066 -10.584203 0.000000 0.000000 0.000000 0.787049 0.616890
43.600000000 -5.602053 -10.591242 0.000000 0.000000 0.000000 0.768840 0.639441
43.700000000 -5.700259 -10.604968 0.000000 0.000000 0.000000 0.749793 0.661673
43.800000000 -5.798388 -10.623504 0.000000 0.000000 0.000000 0.729981 0.683468
43.900000000 -5.897155 -10.644299 0.000000 0.000000 0.000000 0.709775 0.704429
44.000000000 -5.997534 -10.675101 0.000000 0.000000 0.000000 0.688724 0.725023
44.100000000 -6.098958 -10.712534 0.000000 0.000000 0.000000 0.667102 0.744966
44.200000000 -6.203186 -10.756112 0.000000 0.000000 0.000000 0.644906 0.764262
44.300000000 -6.309556 -10.803967 0.000000 0.000000 0.000000 0.622218 0.782844
44.400000000 -6.417817 -10.854940 0.000000 0.000000 0.000000 0.598876 0.800842
44.500000000 -6.529446 -10.912773 0.000000 0.000000 0.000000 0.574812 0.818285
44.600000000 -6.644333 -10.973636 0.000000 0.000000 0.000000 0.549887 0.835239
44.700000000 -6.761251 -11.036775 0.000000 0.000000 0.000000 0.524116 0.851647
44.800000000 -6.882086 -11.101657 0.000000 0.000000 0.000000 0.497427 0.867506
44.900000000 -7.006137 -11.170807 0.000000 0.000000 0.000000 0.469776 0.882786
45.000000000 -7.133810 -11.242123 0.000000 0.000000 0.000000 0.441695 0.897165
45.100000000 -7.264165 -11.312922 0.000000 0.000000 0.000000 0.413565 0.910475
45.200000000 -7.396159 -11.382936 0.000000 0.000000 0.000000 0.385559 0.922683
45.300000000 -7.531369 -11.455713 0.000000 0.000000 0.000000 0.358615 0.933486
45.400000000 -7.668768 -11.527682 0.000000 0.000000 0.000000 0.332735 0.943020
45.500000000 -7.804457 -11.594334 0.000000 0.000000 0.000000 0.308408 0.951254
45.600000000 -7.938231 -11.653957 0.000000 0.000000 0.000000 0.285850 0.958274
45.700000000 -8.075289 -11.714847 0.000000 0.000000 0.000000 0.265210 0.964191
45.800000000 -8.213346 -11.774119 0.000000 0.000000 0.000000 0.246706 0.969090
45.900000000 -8.353306 -11.832234 0.000000 0.000000 0.000000 0.230385 0.973100
46.000000000 -8.494588 -11.889810 0.000000 0.000000 0.000000 0.216402 0.976304
46.100000000 -8.638505 -11.946910 0.000000 0.000000 0.000000 0.204513 0.978864
46.200000000 -8.786062 -12.004808 0.000000 0.000000 0.000000 0.194570 0.980889
46.300000000 -8.935980 -12.061894 0.000000 0.000000 0.000000 0.186657 0.982425
46.400000000 -9.088145 -12.119679 0.000000 0.000000 0.000000 0.180358 0.983601
46.500000000 -9.243578 -12.177769 0.000000 0.000000 0.000000 0.175625 0.984457
46.600000000 -9.402910 -12.236586 0.000000 0.000000 0.000000 0.172108 0.985078
46.700000000 -9.565458 -12.296456 0.000000 0.000000 0.000000 0.169534 0.985524
46.800000000 -9.730717 -12.357024 0.000000 0.000000 0.000000 0.168041 0.985780
46.900000000 -9.899914 -12.418399 0.000000 0.000000 0.000000 0.167404 0.985888
47.000000000 -10.072819 -12.480779 0.000000 0.000000 0.000000 0.167110 0.985938
47.100000000 -10.248991 -12.544584 0.000000 0.000000 0.000000 0.167350 0.985897
47.200000000 -10.428061 -12.609217 0.000000 0.000000 0.000000 0.167889 0.985806
47.300000000 -10.610818 -12.675083 0.000000 0.000000 0.000000 0.168630 0.985679
47.400000000 -10.796807 -12.741935 0.000000 0.000000 0.000000 0.169562 0.985519
47.500000000 -10.986186 -12.809868 0.000000 0.000000 0.000000 0.170509 0.985356
47.600000000 -11.179052 -12.879212 0.000000 0.000000 0.000000 0.171441 0.985194
47.700000000 -11.375132 -12.949403 0.000000 0.000000 0.000000 0.172341 0.985037
47.800000000 -11.574782 -13.021567 0.000000 0.000000 0.000000 0.173156 0.984894
47.900000000 -11.777963 -13.095003 0.000000 0.000000 0.000000 0.173815 0.984778
48.000000000 -11.984739 -13.169876 0.000000 0.000000 0.000000 0.174379 0.984679
48.100000000 -12.194954 -13.245487 0.000000 0.000000 0.000000 0.177322 0.984153
48.200000000 -12.411314 -13.320499 0.000000 0.000000 0.000000 0.184896 0.982758
48.300000000 -12.630607 -13.394749 0.000000 0.000000 0.000000 0.195401 0.980723
48.400000000 -12.854108 -13.469948 0.000000 0.000000 0.000000 0.207191 0.978300
48.500000000 -13.080815 -13.546431 0.000000 0.000000 0.000000 0.219170 0.975687
48.600000000 -13.309415 -13.624449 0.000000 0.000000 0.000000 0.230397 0.973097
48.700000000 -13.538705 -13.702985 0.000000 0.000000 0.000000 0.240670 0.970607
48.800000000 -13.769392 -13.783205 0.000000 0.000000 0.000000 0.249731 0.968315
48.900000000 -14.000617 -13.864106 0.000000 0.000000 0.000000 0.257199 0.966358
49.000000000 -14.229173 -13.945089 0.000000 0.000000 0.000000 0.263348 0.964701
49.100000000 -14.459647 -14.027633 0.000000 0.000000 0.000000 0.268140 0.963380
49.200000000 -14.688458 -14.109727 0.000000 0.000000 0.000000 0.271698 0.962383
49.300000000 -14.916907 -14.193160 0.000000 0.000000 0.000000 0.274391 0.961618
49.400000000 -15.146098 -14.276845 0.000000 0.000000 0.000000 0.276186 0.961104
49.500000000 -15.375136 -14.360022 0.000000 0.000000 0.000000 0.277274 0.960791
49.600000000 -15.603972 -14.443250 0.000000 0.000000 0.000000 0.277824 0.960632
49.700000000 -15.831843 -14.526021 0.000000 0.000000 0.000000 0.278059 0.960564
49.800000000 -16.059057 -14.609070 0.000000 0.000000 0.000000 0.278059 0.960564
49.900000000 -16.285691 -14.692221 0.000000 0.000000 0.000000 0.277824 0.960632
50.000000000 -16.511796 -14.775426 0.000000 0.000000 0.000000 0.277537 0.960715
50.100000000 -16.737947 -14.859153 0.000000 0.000000 0.000000 0.277166 0.960822
50.200000000 -16.963872 -14.942721 0.000000 0.000000 0.000000 0.276834 0.960918
50.300000000 -17.189608 -15.026249 0.000000 0.000000 0.000000 0.276463 0.961025
50.400000000 -17.415420 -15.109498 0.000000 0.000000 0.000000 0.276176 0.961107
50.500000000 -17.640939 -15.192717 0.000000 0.000000 0.000000 0.275941 0.961175
50.600000000 -17.866858 -15.275918 0.000000 0.000000 0.000000 0.275706 0.961242
50.700000000 -18.092773 -15.358587 0.000000 0.000000 0.000000 0.275472 0.961309
50.800000000 -18.318723 -15.441336 0.000000 0.000000 0.000000 0.275306 0.961357
50.900000000 -18.545096 -15.524439 0.000000 0.000000 0.000000 0.275306 0.961357
51.000000000 -18.771565 -15.606988 0.000000 0.000000 0.000000 0.275306 0.961357
51.100000000 -18.997644 -15.689322 0.000000 0.000000 0.000000 0.275306 0.961357
51.200000000 -19.224018 -15.771995 0.000000 0.000000 0.000000 0.275140 0.961404
51.300000000 -19.450241 -15.854040 0.000000 0.000000 0.000000 0.275140 0.961404
51.400000000 -19.676610 -15.936121 0.000000 0.000000 0.000000 0.275140 0.961404
51.500000000 -19.903077 -16.018654 0.000000 0.000000 0.000000 0.275140 0.961404
51.600000000 -20.129673 -16.100689 0.000000 0.000000 0.000000 0.275140 0.961404
51.700000000 -20.355971 -16.183257 0.000000 0.000000 0.000000 0.275140 0.961404
51.800000000 -20.582428 -16.265738 0.000000 0.000000 0.000000 0.275375 0.961337
51.900000000 -20.808650 -16.347975 0.000000 0.000000 0.000000 0.275375 0.961337
52.000000000 -21.035052 -16.430532 0.000000 0.000000 0.000000 0.275375 0.961337
52.100000000 -21.261313 -16.513192 0.000000 0.000000 0.000000 0.275541 0.961289
52.200000000 -21.487382 -16.595593 0.000000 0.000000 0.000000 0.275541 0.961289
52.300000000 -21.713570 -16.677856 0.000000 0.000000 0.000000 0.275541 0.961289
52.400000000 -21.939443 -16.760317 0.000000 0.000000 0.000000 0.275541 0.961289
52.500000000 -22.165313 -16.842988 0.000000 0.000000 0.000000 0.275541 0.961289
52.600000000 -22.391223 -16.925186 0.000000 0.000000 0.000000 0.275706 0.961242
52.700000000 -22.617297 -17.007553 0.000000 0.000000 0.000000 0.275872 0.961194
52.800000000 -22.843099 -17.089812 0.000000 0.000000 0.000000 0.275872 0.961194
52.900000000 -23.068885 -17.173040 0.000000 0.000000 0.000000 0.275872 0.961194
53.000000000 -23.294727 -17.255757 0.000000 0.000000 0.000000 0.276038 0.961147
53.100000000 -23.520536 -17.338776 0.000000 0.000000 0.000000 0.276038 0.961147
53.200000000 -23.746311 -17.421507 0.000000 0.000000 0.000000 0.276038 0.961147
53.300000000 -23.972360 -17.504338 0.000000 0.000000 0.000000 0.276038 0.961147
53.400000000 -24.198014 -17.587260 0.000000 0.000000 0.000000 0.276204 0.961099
53.500000000 -24.424088 -17.670529 0.000000 0.000000 0.000000 0.276204 0.961099
53.600000000 -24.649065 -17.752908 0.000000 0.000000 0.000000 0.276204 0.961099
53.700000000 -24.871542 -17.833814 0.000000 0.000000 0.000000 0.276204 0.961099
53.800000000 -25.090633 -17.912916 0.000000 0.000000 0.000000 0.276204 0.961099
53.900000000 -25.306563 -17.990803 0.000000 0.000000 0.000000 0.275917 0.961182
54.000000000 -25.519489 -18.067603 0.000000 0.000000 0.000000 0.275478 0.961307
54.100000000 -25.729164 -18.143151 0.000000 0.000000 0.000000 0.274879 0.961479
54.200000000 -25.935929 -18.216616 0.000000 0.000000 0.000000 0.274119 0.961696
54.300000000 -26.140194 -18.288206 0.000000 0.000000 0.000000 0.273240 0.961946
54.400000000 -26.342115 -18.357888 0.000000 0.000000 0.000000 0.272203 0.962240
54.500000000 -26.541674 -18.426150 0.000000 0.000000 0.000000 0.271076 0.962558
54.600000000 -26.738868 -18.492704 0.000000 0.000000 0.000000 0.269866 0.962898
54.700000000 -26.933139 -18.557299 0.000000 0.000000 0.000000 0.268568 0.963261
54.800000000 -27.125014 -18.620277 0.000000 0.000000 0.000000 0.267206 0.963639
54.900000000 -27.314019 -18.681614 0.000000 0.000000 0.000000 0.265775 0.964035
55.000000000 -27.500699 -18.741575 0.000000 0.000000 0.000000 0.264277 0.964447
55.100000000 -27.684638 -18.799918 0.000000 0.000000 0.000000 0.262759 0.964861
55.200000000 -27.865567 -18.856148 0.000000 0.000000 0.000000 0.261197 0.965286
55.300000000 -28.044025 -18.910711 0.000000 0.000000 0.000000 0.259598 0.965717
55.400000000 -28.219827 -18.963608 0.000000 0.000000 0.000000 0.257956 0.966157
55.500000000 -28.393117 -19.015567 0.000000 0.000000 0.000000 0.256262 0.966607
55.600000000 -28.563505 -19.065783 0.000000 0.000000 0.000000 0.254577 0.967053
55.700000000 -28.731158 -19.115064 0.000000 0.000000 0.000000 0.252866 0.967501
55.800000000 -28.895716 -19.162463 0.000000 0.000000 0.000000 0.251138 0.967951
55.900000000 -29.057742 -19.208708 0.000000 0.000000 0.000000 0.249401 0.968400
56.000000000 -29.219957 -19.255302 0.000000 0.000000 0.000000 0.247647 0.968850
56.100000000 -29.381878 -19.301075 0.000000 0.000000 0.000000 0.245957 0.969281
56.200000000 -29.543699 -19.346913 0.000000 0.000000 0.000000 0.244396 0.969675
56.300000000 -29.704466 -19.392285 0.000000 0.000000 0.000000 0.242927 0.970045
56.400000000 -29.861433 -19.435155 0.000000 0.000000 0.000000 0.241587 0.970379
56.500000000 -30.016000 -19.476931 0.000000 0.000000 0.000000 0.240289 0.970701
56.600000000 -30.167302 -19.516948 0.000000 0.000000 0.000000 0.239024 0.971014
56.700000000 -30.315890 -19.555749 0.000000 0.000000 0.000000 0.237714 0.971335
56.800000000 -30.461521 -19.592737 0.000000 0.000000 0.000000 0.236415 0.971652
56.900000000 -30.604507 -19.628170 0.000000 0.000000 0.000000 0.235073 0.971978
57.000000000 -30.744436 -19.662139 0.000000 0.000000 0.000000 0.233649 0.972321
57.100000000 -30.881711 -19.694709 0.000000 0.000000 0.000000 0.232185 0.972672
57.200000000 -31.015394 -19.725424 0.000000 0.000000 0.000000 0.230693 0.973027
57.300000000 -31.146606 -19.755017 0.000000 0.000000 0.000000 0.229081 0.973407
57.400000000 -31.274316 -19.782667 0.000000 0.000000 0.000000 0.227417 0.973797
57.500000000 -31.399527 -19.809278 0.000000 0.000000 0.000000 0.225662 0.974206
57.600000000 -31.521414 -19.834145 0.000000 0.000000 0.000000 0.223866 0.974620
57.700000000 -31.640357 -19.857900 0.000000 0.000000 0.000000 0.221992 0.975049
57.800000000 -31.756218 -19.880167 0.000000 0.000000 0.000000 0.220043 0.975490
57.900000000 -31.869233 -19.900898 0.000000 0.000000 0.000000 0.218043 0.975939
58.000000000 -31.978835 -19.919954 0.000000 0.000000 0.000000 0.215993 0.976395
58.100000000 -32.085099 -19.938048 0.000000 0.000000 0.000000 0.213867 0.976863
58.200000000 -32.188174 -19.954434 0.000000 0.000000 0.000000 0.211707 0.977333
58.300000000 -32.288008 -19.969582 0.000000 0.000000 0.000000 0.209461 0.977817
58.400000000 -32.384484 -19.983914 0.000000 0.000000 0.000000 0.207146 0.978310
58.500000000 -32.477939 -19.996472 0.000000 0.000000 0.000000 0.204775 0.978809
58.600000000 -32.567857 -20.007839 0.000000 0.000000 0.000000 0.202349 0.979313
58.700000000 -32.654792 -20.017646 0.000000 0.000000 0.000000 0.199864 0.979824
58.800000000 -32.738360 -20.026115 0.000000 0.000000 0.000000 0.197360 0.980331
58.900000000 -32.818556 -20.033415 0.000000 0.000000 0.000000 0.194782 0.980847
59.000000000 -32.895530 -20.039263 0.000000 0.000000 0.000000 0.192174 0.981361
59.100000000 -32.969451 -20.044025 0.000000 0.000000 0.000000 0.189516 0.981878
59.200000000 -33.040222 -20.047419 0.000000 0.000000 0.000000 0.186809 0.982396
59.300000000 -33.108198 -20.049636 0.000000 0.000000 0.000000 0.184068 0.982913
59.400000000 -33.172821 -20.050615 0.000000 0.000000 0.000000 0.181269 0.983434
59.500000000 -33.234482 -20.050433 0.000000 0.000000 0.000000 0.178422 0.983954
59.600000000 -33.292553 -20.049366 0.000000 0.000000 0.000000 0.175529 0.984474
59.700000000 -33.347330 -20.047305 0.000000 0.000000 0.000000 0.172594 0.984993
59.800000000 -33.398714 -20.044336 0.000000 0.000000 0.000000 0.169624 0.985509
59.900000000 -33.446984 -20.040358 0.000000 0.000000 0.000000 0.166613 0.986022
60.000000000 -33.492161 -20.035284 0.000000 0.000000 0.000000 0.163558 0.986534
60.100000000 -33.534742 -20.029059 0.000000 0.000000 0.000000 0.160444 0.987045
60.200000000 -33.574115 -20.021821 0.000000 0.000000 0.000000 0.157297 0.987551
60.300000000 -33.610877 -20.013867 0.000000 0.000000 0.000000 0.154017 0.988068
60.400000000 -33.644141 -20.004873 0.000000 0.000000 0.000000 0.150726 0.988576
60.500000000 -33.674220 -19.994821 0.000000 0.000000 0.000000 0.147403 0.989077
60.600000000 -33.700822 -19.983417 0.000000 0.000000 0.000000 0.143978 0.989581
60.700000000 -33.723970 -19.970861 0.000000 0.000000 0.000000 0.140518 0.990078
60.800000000 -33.743651 -19.957257 0.000000 0.000000 0.000000 0.136936 0.990580
60.900000000 -33.760000 -19.942406 0.000000 0.000000 0.000000 0.133328 0.991072
61.000000000 -33.772788 -19.926501 0.000000 0.000000 0.000000 0.129486 0.991581
61.100000000 -33.782372 -19.909634 0.000000 0.000000 0.000000 0.125700 0.992068
61.200000000 -33.788257 -19.892271 0.000000 0.000000 0.000000 0.121986 0.992532
61.300000000 -33.790474 -19.874151 0.000000 0.000000 0.000000 0.118298 0.992978
61.400000000 -33.789139 -19.854582 0.000000 0.000000 0.000000 0.114613 0.993410
61.500000000 -33.784099 -19.834012 0.000000 0.000000 0.000000 0.110922 0.993829
61.600000000 -33.775256 -19.812648 0.000000 0.000000 0.000000 0.107221 0.994235
61.700000000 -33.762300 -19.790271 0.000000 0.000000 0.000000 0.103531 0.994626
61.800000000 -33.746012 -19.766897 0.000000 0.000000 0.000000 0.099753 0.995012
61.900000000 -33.726475 -19.742829 0.000000 0.000000 0.000000 0.095962 0.995385
62.000000000 -33.703737 -19.717911 0.000000 0.000000 0.000000 0.092173 0.995743
62.100000000 -33.676915 -19.692350 0.000000 0.000000 0.000000 0.088344 0.996090
62.200000000 -33.646768 -19.666339 0.000000 0.000000 0.000000 0.084426 0.996430
62.300000000 -33.613144 -19.639942 0.000000 0.000000 0.000000 0.080358 0.996766
62.400000000 -33.575943 -19.613366 0.000000 0.000000 0.000000 0.076271 0.997087
62.500000000 -33.535820 -19.586315 0.000000 0.000000 0.000000 0.072047 0.997401
62.600000000 -33.492320 -19.558696 0.000000 0.000000 0.000000 0.067714 0.997705
62.700000000 -33.445787 -19.531333 0.000000 0.000000 0.000000 0.063248 0.997998
62.800000000 -33.396096 -19.503774 0.000000 0.000000 0.000000 0.058683 0.998277
62.900000000 -33.343459 -19.477223 0.000000 0.000000 0.000000 0.053872 0.998548
63.000000000 -33.287309 -19.451365 0.000000 0.000000 0.000000 0.048858 0.998806
63.100000000 -33.227825 -19.426320 0.000000 0.000000 0.000000 0.043607 0.999049
63.200000000 -33.164906 -19.401219 0.000000 0.000000 0.000000 0.038142 0.999272
63.300000000 -33.102091 -19.376179 0.000000 0.000000 0.000000 0.032485 0.999472
63.400000000 -33.039871 -19.351646 0.000000 0.000000 0.000000 0.026610 0.999646
63.500000000 -32.977867 -19.326784 0.000000 0.000000 0.000000 0.020545 0.999789
63.600000000 -32.916317 -19.301592 0.000000 0.000000 0.000000 0.014234 0.999899
63.700000000 -32.854382 -19.275590 0.000000 0.000000 0.000000 0.007759 0.999970
63.800000000 -32.792318 -19.249466 0.000000 0.000000 0.000000 0.001048 0.999999
63.900000000 -32.729835 -19.222842 0.000000 0.000000 0.000000 -0.005818 0.999983
64.000000000 -32.667336 -19.195766 0.000000 0.000000 0.000000 -0.012980 0.999916
64.100000000 -32.605503 -19.168705 0.000000 0.000000 0.000000 -0.020406 0.999792
64.200000000 -32.543455 -19.141784 0.000000 0.000000 0.000000 -0.028076 0.999606
64.300000000 -32.481506 -19.116990 0.000000 0.000000 0.000000 -0.036058 0.999350
64.400000000 -32.419115 -19.094121 0.000000 0.000000 0.000000 -0.044298 0.999018
64.500000000 -32.355635 -19.071442 0.000000 0.000000 0.000000 -0.052733 0.998609
64.600000000 -32.291973 -19.049124 0.000000 0.000000 0.000000 -0.061325 0.998118
64.700000000 -32.228055 -19.025914 0.000000 0.000000 0.000000 -0.070069 0.997542
64.800000000 -32.163328 -19.000172 0.000000 0.000000 0.000000 -0.078880 0.996884
64.900000000 -32.098199 -18.974834 0.000000 0.000000 0.000000 -0.087819 0.996136
65.000000000 -32.032142 -18.949505 0.000000 0.000000 0.000000 -0.096859 0.995298
65.100000000 -31.966248 -18.924719 0.000000 0.000000 0.000000 -0.106108 0.994355
65.200000000 -31.900532 -18.900343 0.000000 0.000000 0.000000 -0.115422 0.993317
65.300000000 -31.833188 -18.874719 0.000000 0.000000 0.000000 -0.124893 0.992170
65.400000000 -31.766069 -18.849993 0.000000 0.000000 0.000000 -0.134513 0.990912
65.500000000 -31.699294 -18.825665 0.000000 0.000000 0.000000 -0.144147 0.989556
65.600000000 -31.632722 -18.801599 0.000000 0.000000 0.000000 -0.153928 0.988082
65.700000000 -31.565145 -18.776966 0.000000 0.000000 0.000000 -0.163789 0.986495
65.800000000 -31.497946 -18.753057 0.000000 0.000000 0.000000 -0.173674 0.984803
65.900000000 -31.432250 -18.729714 0.000000 0.000000 0.000000 -0.183674 0.982987
66.000000000 -31.366343 -18.706539 0.000000 0.000000 0.000000 -0.193623 0.981076
66.100000000 -31.300390 -18.683391 0.000000 0.000000 0.000000 -0.203748 0.979023
66.200000000 -31.235166 -18.659976 0.000000 0.000000 0.000000 -0.213986 0.976837
66.300000000 -31.169438 -18.636060 0.000000 0.000000 0.000000 -0.224115 0.974563
66.400000000 -31.104208 -18.612671 0.000000 0.000000 0.000000 -0.234236 0.972180
66.500000000 -31.038923 -18.588892 0.000000 0.000000 0.000000 -0.244335 0.969691
66.600000000 -30.973922 -18.565862 0.000000 0.000000 0.000000 -0.254447 0.967087
66.700000000 -30.908981 -18.544063 0.000000 0.000000 0.000000 -0.264668 0.964340
66.800000000 -30.843987 -18.522147 0.000000 0.000000 0.000000 -0.274713 0.961526
66.900000000 -30.779482 -18.501274 0.000000 0.000000 0.000000 -0.284947 0.958543
67.000000000 -30.714573 -18.480456 0.000000 0.000000 0.000000 -0.295054 0.955481
67.100000000 -30.649281 -18.460133 0.000000 0.000000 0.000000 -0.305212 0.952284
67.200000000 -30.584169 -18.440619 0.000000 0.000000 0.000000 -0.315374 0.948968
67.300000000 -30.519462 -18.422114 0.000000 0.000000 0.000000 -0.325374 0.945586
67.400000000 -30.454997 -18.403526 0.000000 0.000000 0.000000 -0.335414 0.942071
67.500000000 -30.391051 -18.385651 0.000000 0.000000 0.000000 -0.345529 0.938408
67.600000000 -30.327675 -18.369480 0.000000 0.000000 0.000000 -0.355703 0.934599
67.700000000 -30.263822 -18.353666 0.000000 0.000000 0.000000 -0.365718 0.930726
67.800000000 -30.200175 -18.338623 0.000000 0.000000 0.000000 -0.375769 0.926713
67.900000000 -30.136931 -18.324586 0.000000 0.000000 0.000000 -0.385856 0.922559
68.000000000 -30.073935 -18.311757 0.000000 0.000000 0.000000 -0.395892 0.918297
68.100000000 -30.010238 -18.299033 0.000000 0.000000 0.000000 -0.405835 0.913946
68.200000000 -29.946907 -18.287552 0.000000 0.000000 0.000000 -0.415751 0.909479
68.300000000 -29.882967 -18.276482 0.000000 0.000000 0.000000 -0.425583 0.904919
68.400000000 -29.820031 -18.265857 0.000000 0.000000 0.000000 -0.435482 0.900197
68.500000000 -29.757055 -18.255502 0.000000 0.000000 0.000000 -0.445253 0.895405
68.600000000 -29.694484 -18.244998 0.000000 0.000000 0.000000 -0.455080 0.890451
68.700000000 -29.631493 -18.234975 0.000000 0.000000 0.000000 -0.464656 0.885491
68.800000000 -29.570250 -18.225531 0.000000 0.000000 0.000000 -0.474289 0.880369
68.900000000 -29.509665 -18.216334 0.000000 0.000000 0.000000 -0.483941 0.875101
69.000000000 -29.448445 -18.206414 0.000000 0.000000 0.000000 -0.493576 0.869702
69.100000000 -29.387646 -18.197287 0.000000 0.000000 0.000000 -0.503077 0.864242
69.200000000 -29.327559 -18.190132 0.000000 0.000000 0.000000 -0.512698 0.858569
69.300000000 -29.266010 -18.181568 0.000000 0.000000 0.000000 -0.522199 0.852824
69.400000000 -29.205580 -18.172732 0.000000 0.000000 0.000000 -0.531628 0.846978
69.500000000 -29.145015 -18.164463 0.000000 0.000000 0.000000 -0.541060 0.840984
69.600000000 -29.083397 -18.156287 0.000000 0.000000 0.000000 -0.550308 0.834962
69.700000000 -29.024188 -18.147995 0.000000 0.000000 0.000000 -0.559590 0.828770
69.800000000 -28.966098 -18.140132 0.000000 0.000000 0.000000 -0.568789 0.822484
69.900000000 -28.907961 -18.132153 0.000000 0.000000 0.000000 -0.577895 0.816111
70.000000000 -28.850566 -18.122224 0.000000 0.000000 0.000000 -0.587028 0.809567
70.100000000 -28.793482 -18.112681 0.000000 0.000000 0.000000 -0.596126 0.802891
70.200000000 -28.736552 -18.102278 0.000000 0.000000 0.000000 -0.605089 0.796158
70.300000000 -28.679713 -18.091813 0.000000 0.000000 0.000000 -0.613829 0.789439
70.400000000 -28.623974 -18.082423 0.000000 0.000000 0.000000 -0.622606 0.782535
70.500000000 -28.568810 -18.069449 0.000000 0.000000 0.000000 -0.631262 0.775570
70.600000000 -28.513705 -18.054779 0.000000 0.000000 0.000000 -0.639937 0.768427
70.700000000 -28.459979 -18.035713 0.000000 0.000000 0.000000 -0.648502 0.761213
70.800000000 -28.407765 -18.013548 0.000000 0.000000 0.000000 -0.656961 0.753924
70.900000000 -28.356398 -17.989064 0.000000 0.000000 0.000000 -0.665378 0.746507
71.000000000 -28.305157 -17.962070 0.000000 0.000000 0.000000 -0.673705 0.739001
71.100000000 -28.254509 -17.933132 0.000000 0.000000 0.000000 -0.681997 0.731355
71.200000000 -28.203337 -17.901499 0.000000 0.000000 0.000000 -0.690142 0.723674
71.300000000 -28.152918 -17.864856 0.000000 0.000000 0.000000 -0.698262 0.715843
71.400000000 -28.101502 -17.825132 0.000000 0.000000 0.000000 -0.706375 0.707838
71.500000000 -28.050491 -17.782191 0.000000 0.000000 0.000000 -0.714564 0.699570
71.600000000 -27.997967 -17.737175 0.000000 0.000000 0.000000 -0.722762 0.691097
71.700000000 -27.945820 -17.692993 0.000000 0.000000 0.000000 -0.731083 0.682288
71.800000000 -27.894523 -17.643283 0.000000 0.000000 0.000000 -0.739589 0.673059
71.900000000 -27.843161 -17.587348 0.000000 0.000000 0.000000 -0.748382 0.663268
72.000000000 -27.793119 -17.527395 0.000000 0.000000 0.000000 -0.757465 0.652876
72.100000000 -27.742836 -17.465346 0.000000 0.000000 0.000000 -0.766699 0.642007
72.200000000 -27.692417 -17.400237 0.000000 0.000000 0.000000 -0.776008 0.630723
72.300000000 -27.640647 -17.329738 0.000000 0.000000 0.000000 -0.785171 0.619280
72.400000000 -27.587795 -17.256561 0.000000 0.000000 0.000000 -0.794140 0.607734
72.500000000 -27.533882 -17.177576 0.000000 0.000000 0.000000 -0.802777 0.596280
72.600000000 -27.480920 -17.094206 0.000000 0.000000 0.000000 -0.811029 0.585005
72.700000000 -27.426556 -17.006095 0.000000 0.000000 0.000000 -0.818807 0.574069
72.800000000 -27.369474 -16.916318 0.000000 0.000000 0.000000 -0.825654 0.564177
72.900000000 -27.312049 -16.824494 0.000000 0.000000 0.000000 -0.831747 0.555155
73.000000000 -27.252583 -16.730437 0.000000 0.000000 0.000000 -0.837166 0.546950
73.100000000 -27.191460 -16.634429 0.000000 0.000000 0.000000 -0.841554 0.540173
73.200000000 -27.128189 -16.534044 0.000000 0.000000 0.000000 -0.845275 0.534331
73.300000000 -27.061569 -16.434294 0.000000 0.000000 0.000000 -0.847934 0.530102
73.400000000 -26.995069 -16.327379 0.000000 0.000000 0.000000 -0.849799 0.527106
73.500000000 -26.924738 -16.220079 0.000000 0.000000 0.000000 -0.850560 0.525878
73.600000000 -26.853478 -16.108058 0.000000 0.000000 0.000000 -0.850560 0.525878
73.700000000 -26.778630 -15.995057 0.000000 0.000000 0.000000 -0.849737 0.527207
73.800000000 -26.703029 -15.878915 0.000000 0.000000 0.000000 -0.848338 0.529454
73.900000000 -26.625064 -15.760620 0.000000 0.000000 0.000000 -0.846503 0.532384
74.000000000 -26.544020 -15.637765 0.000000 0.000000 0.000000 -0.844323 0.535834
74.100000000 -26.461711 -15.512739 0.000000 0.000000 0.000000 -0.841835 0.539734
74.200000000 -26.377553 -15.384115 0.000000 0.000000 0.000000 -0.839131 0.543930
74.300000000 -26.292384 -15.252504 0.000000 0.000000 0.000000 -0.836299 0.548273
74.400000000 -26.206067 -15.116733 0.000000 0.000000 0.000000 -0.833431 0.552623
74.500000000 -26.117857 -14.977491 0.000000 0.000000 0.000000 -0.830576 0.556906
74.600000000 -26.028594 -14.834571 0.000000 0.000000 0.000000 -0.827772 0.561064
74.700000000 -25.937738 -14.688604 0.000000 0.000000 0.000000 -0.825043 0.565069
74.800000000 -25.844981 -14.539040 0.000000 0.000000 0.000000 -0.822766 0.568381
74.900000000 -25.753346 -14.383958 0.000000 0.000000 0.000000 -0.822295 0.569062
75.000000000 -25.661605 -14.226591 0.000000 0.000000 0.000000 -0.823577 0.567204
75.100000000 -25.569772 -14.065906 0.000000 0.000000 0.000000 -0.826225 0.563340
75.200000000 -25.476265 -13.897309 0.000000 0.000000 0.000000 -0.829527 0.558466
75.300000000 -25.381721 -13.723631 0.000000 0.000000 0.000000 -0.833276 0.552858
75.400000000 -25.286130 -13.546065 0.000000 0.000000 0.000000 -0.837110 0.547035
75.500000000 -25.189616 -13.364453 0.000000 0.000000 0.000000 -0.840832 0.541296
75.600000000 -25.091521 -13.180098 0.000000 0.000000 0.000000 -0.844228 0.535983
75.700000000 -24.992568 -12.994078 0.000000 0.000000 0.000000 -0.847247 0.531199
75.800000000 -24.892021 -12.807313 0.000000 0.000000 0.000000 -0.849926 0.526903
75.900000000 -24.790416 -12.622814 0.000000 0.000000 0.000000 -0.852226 0.523174
76.000000000 -24.688663 -12.436440 0.000000 0.000000 0.000000 -0.854072 0.520156
76.100000000 -24.586418 -12.250581 0.000000 0.000000 0.000000 -0.855433 0.517913
76.200000000 -24.484891 -12.067400 0.000000 0.000000 0.000000 -0.856474 0.516190
76.300000000 -24.382707 -11.886538 0.000000 0.000000 0.000000 -0.857323 0.514778
76.400000000 -24.281040 -11.702438 0.000000 0.000000 0.000000 -0.858022 0.513613
76.500000000 -24.178373 -11.518904 0.000000 0.000000 0.000000 -0.858483 0.512843
76.600000000 -24.075747 -11.332617 0.000000 0.000000 0.000000 -0.858040 0.513584
76.700000000 -23.971506 -11.150635 0.000000 0.000000 0.000000 -0.855328 0.518086
76.800000000 -23.865413 -10.969208 0.000000 0.000000 0.000000 -0.850707 0.525640
76.900000000 -23.757662 -10.784073 0.000000 0.000000 0.000000 -0.845180 0.534482
77.000000000 -23.650106 -10.601176 0.000000 0.000000 0.000000 -0.839072 0.544021
77.100000000 -23.542609 -10.417143 0.000000 0.000000 0.000000 -0.832898 0.553426
77.200000000 -23.435401 -10.231387 0.000000 0.000000 0.000000 -0.827145 0.561989
77.300000000 -23.328961 -10.048778 0.000000 0.000000 0.000000 -0.821840 0.569719
77.400000000 -23.223541 -9.864316 0.000000 0.000000 0.000000 -0.816966 0.576686
77.500000000 -23.118745 -9.678021 0.000000 0.000000 0.000000 -0.812808 0.582532
77.600000000 -23.015130 -9.493220 0.000000 0.000000 0.000000 -0.809382 0.587283
77.700000000 -22.912089 -9.309188 0.000000 0.000000 0.000000 -0.806463 0.591284
77.800000000 -22.808662 -9.123879 0.000000 0.000000 0.000000 -0.804906 0.593403
77.900000000 -22.708464 -8.940539 0.000000 0.000000 0.000000 -0.805849 0.592121
78.000000000 -22.609482 -8.755087 0.000000 0.000000 0.000000 -0.809177 0.587565
78.100000000 -22.512545 -8.570690 0.000000 0.000000 0.000000 -0.814098 0.580728
78.200000000 -22.416323 -8.382334 0.000000 0.000000 0.000000 -0.819625 0.572900
78.300000000 -22.319433 -8.193658 0.000000 0.000000 0.000000 -0.825298 0.564698
78.400000000 -22.222667 -8.005880 0.000000 0.000000 0.000000 -0.830761 0.556629
78.500000000 -22.125155 -7.824996 0.000000 0.000000 0.000000 -0.835713 0.549166
78.600000000 -22.026100 -7.644501 0.000000 0.000000 0.000000 -0.840209 0.542263
78.700000000 -21.924441 -7.464472 0.000000 0.000000 0.000000 -0.844012 0.536324
78.800000000 -21.822442 -7.285855 0.000000 0.000000 0.000000 -0.847130 0.531386
78.900000000 -21.719041 -7.112889 0.000000 0.000000 0.000000 -0.849669 0.527317
79.000000000 -21.614466 -6.938978 0.000000 0.000000 0.000000 -0.851682 0.524059
79.100000000 -21.509937 -6.763007 0.000000 0.000000 0.000000 -0.853187 0.521606
79.200000000 -21.407721 -6.586673 0.000000 0.000000 0.000000 -0.854239 0.519881
79.300000000 -21.306098 -6.410343 0.000000 0.000000 0.000000 -0.855025 0.518586
79.400000000 -21.204131 -6.234856 0.000000 0.000000 0.000000 -0.855569 0.517688
79.500000000 -21.104237 -6.060438 0.000000 0.000000 0.000000 -0.855879 0.517176
79.600000000 -21.005963 -5.886426 0.000000 0.000000 0.000000 -0.856057 0.516881
79.700000000 -20.909482 -5.716810 0.000000 0.000000 0.000000 -0.855968 0.517028
79.800000000 -20.814294 -5.549353 0.000000 0.000000 0.000000 -0.855814 0.517284
79.900000000 -20.720576 -5.384051 0.000000 0.000000 0.000000 -0.855595 0.517646
80.000000000 -20.629742 -5.219953 0.000000 0.000000 0.000000 -0.855358 0.518037
80.100000000 -20.539531 -5.059880 0.000000 0.000000 0.000000 -0.855061 0.518527
80.200000000 -20.451256 -4.902863 0.000000 0.000000 0.000000 -0.854739 0.519059
80.300000000 -20.365666 -4.746937 0.000000 0.000000 0.000000 -0.854455 0.519525
80.400000000 -20.281037 -4.594756 0.000000 0.000000 0.000000 -0.854132 0.520057
80.500000000 -20.198704 -4.444595 0.000000 0.000000 0.000000 -0.853862 0.520499
80.600000000 -20.118115 -4.297176 0.000000 0.000000 0.000000 -0.853592 0.520941
80.700000000 -20.038978 -4.152721 0.000000 0.000000 0.000000 -0.853338 0.521358
80.800000000 -19.961915 -4.010674 0.000000 0.000000 0.000000 -0.853117 0.521719
80.900000000 -19.886268 -3.871807 0.000000 0.000000 0.000000 -0.852879 0.522109
81.000000000 -19.812098 -3.736209 0.000000 0.000000 0.000000 -0.852658 0.522469
81.100000000 -19.740127 -3.602707 0.000000 0.000000 0.000000 -0.852456 0.522798
81.200000000 -19.669353 -3.472970 0.000000 0.000000 0.000000 -0.852276 0.523093
81.300000000 -19.600056 -3.345645 0.000000 0.000000 0.000000 -0.852119 0.523347
81.400000000 -19.532540 -3.221222 0.000000 0.000000 0.000000 -0.851963 0.523602
81.500000000 -19.466906 -3.099016 0.000000 0.000000 0.000000 -0.851835 0.523810
81.600000000 -19.402101 -2.980750 0.000000 0.000000 0.000000 -0.851678 0.524065
81.700000000 -19.339318 -2.864896 0.000000 0.000000 0.000000 -0.851550 0.524273
81.800000000 -19.278087 -2.752038 0.000000 0.000000 0.000000 -0.851460 0.524420
81.900000000 -19.218316 -2.641600 0.000000 0.000000 0.000000 -0.851369 0.524567
82.000000000 -19.159554 -2.534553 0.000000 0.000000 0.000000 -0.851279 0.524714
82.100000000 -19.101400 -2.427566 0.000000 0.000000 0.000000 -0.851188 0.524861
82.200000000 -19.043349 -2.320205 0.000000 0.000000 0.000000 -0.851060 0.525068
82.300000000 -18.985591 -2.212845 0.000000 0.000000 0.000000 -0.850969 0.525215
82.400000000 -18.927569 -2.105818 0.000000 0.000000 0.000000 -0.850879 0.525362
82.500000000 -18.869860 -1.998376 0.000000 0.000000 0.000000 -0.850879 0.525362
82.600000000 -18.812063 -1.891068 0.000000 0.000000 0.000000 -0.850788 0.525509
82.700000000 -18.754626 -1.783190 0.000000 0.000000 0.000000 -0.850697 0.525656
82.800000000 -18.697250 -1.676039 0.000000 0.000000 0.000000 -0.850569 0.525864
82.900000000 -18.640594 -1.567156 0.000000 0.000000 0.000000 -0.850268 0.526351
83.000000000 -18.582911 -1.459117 0.000000 0.000000 0.000000 -0.849109 0.528218
83.100000000 -18.524688 -1.350343 0.000000 0.000000 0.000000 -0.847199 0.531275
83.200000000 -18.466308 -1.241152 0.000000 0.000000 0.000000 -0.844775 0.535122
83.300000000 -18.407219 -1.131835 0.000000 0.000000 0.000000 -0.841917 0.539607
83.400000000 -18.348355 -1.022594 0.000000 0.000000 0.000000 -0.838745 0.544525
83.500000000 -18.288841 -0.913174 0.000000 0.000000 0.000000 -0.835344 0.549727
83.600000000 -18.229168 -0.803708 0.000000 0.000000 0.000000 -0.831869 0.554971
83.700000000 -18.169824 -0.694922 0.000000 0.000000 0.000000 -0.828347 0.560215
83.800000000 -18.110654 -0.585951 0.000000 0.000000 0.000000 -0.824817 0.565400
83.900000000 -18.051867 -0.477430 0.000000 0.000000 0.000000 -0.821361 0.570409
84.000000000 -17.993079 -0.369299 0.000000 0.000000 0.000000 -0.818034 0.575170
84.100000000 -17.934444 -0.261047 0.000000 0.000000 0.000000 -0.814850 0.579672
84.200000000 -17.875872 -0.152367 0.000000 0.000000 0.000000 -0.811844 0.583875
84.300000000 -17.817471 -0.044481 0.000000 0.000000 0.000000 -0.809035 0.587760
84.400000000 -17.758685 0.063060 0.000000 0.000000 0.000000 -0.806437 0.591320
84.500000000 -17.699848 0.169952 0.000000 0.000000 0.000000 -0.804045 0.594569
84.600000000 -17.641231 0.276443 0.000000 0.000000 0.000000 -0.801855 0.597519
84.700000000 -17.583163 0.383884 0.000000 0.000000 0.000000 -0.799869 0.600175
84.800000000 -17.525122 0.491012 0.000000 0.000000 0.000000 -0.798074 0.602560
84.900000000 -17.467582 0.598445 0.000000 0.000000 0.000000 -0.796466 0.604683
85.000000000 -17.410052 0.706174 0.000000 0.000000 0.000000 -0.795067 0.606521
85.100000000 -17.352614 0.813313 0.000000 0.000000 0.000000 -0.793863 0.608097
85.200000000 -17.295157 0.920423 0.000000 0.000000 0.000000 -0.792822 0.609453
85.300000000 -17.237720 1.027362 0.000000 0.000000 0.000000 -0.791923 0.610621
85.400000000 -17.180502 1.134208 0.000000 0.000000 0.000000 -0.791177 0.611588
85.500000000 -17.123371 1.240909 0.000000 0.000000 0.000000 -0.790570 0.612372
85.600000000 -17.066416 1.347531 0.000000 0.000000 0.000000 -0.790074 0.613012
85.700000000 -17.009324 1.454042 0.000000 0.000000 0.000000 -0.789664 0.613540
85.800000000 -16.952837 1.560272 0.000000 0.000000 0.000000 -0.789346 0.613949
85.900000000 -16.896729 1.666735 0.000000 0.000000 0.000000 -0.789086 0.614283
86.000000000 -16.840773 1.773294 0.000000 0.000000 0.000000 -0.788849 0.614587
86.100000000 -16.784675 1.879194 0.000000 0.000000 0.000000 -0.788699 0.614780
86.200000000 -16.728615 1.985148 0.000000 0.000000 0.000000 -0.788699 0.614780
86.300000000 -16.672588 2.091181 0.000000 0.000000 0.000000 -0.788699 0.614780
86.400000000 -16.616765 2.197351 0.000000 0.000000 0.000000 -0.788699 0.614780
86.500000000 -16.561255 2.303764 0.000000 0.000000 0.000000 -0.788699 0.614780
86.600000000 -16.506001 2.410536 0.000000 0.000000 0.000000 -0.788699 0.614780
86.700000000 -16.450529 2.516988 0.000000 0.000000 0.000000 -0.788593 0.614916
86.800000000 -16.395234 2.623490 0.000000 0.000000 0.000000 -0.788487 0.615052
86.900000000 -16.339768 2.729897 0.000000 0.000000 0.000000 -0.788487 0.615052
87.000000000 -16.284683 2.836769 0.000000 0.000000 0.000000 -0.788487 0.615052
87.100000000 -16.229518 2.943447 0.000000 0.000000 0.000000 -0.788487 0.615052
87.200000000 -16.174235 3.050101 0.000000 0.000000 0.000000 -0.788487 0.615052
87.300000000 -16.119206 3.156968 0.000000 0.000000 0.000000 -0.788487 0.615052
87.400000000 -16.063843 3.263913 0.000000 0.000000 0.000000 -0.788487 0.615052
87.500000000 -16.008801 3.370974 0.000000 0.000000 0.000000 -0.788487 0.615052
87.600000000 -15.953622 3.477802 0.000000 0.000000 0.000000 -0.788487 0.615052
87.700000000 -15.898386 3.585131 0.000000 0.000000 0.000000 -0.788487 0.615052
87.800000000 -15.843372 3.692416 0.000000 0.000000 0.000000 -0.788487 0.615052
87.900000000 -15.788688 3.800065 0.000000 0.000000 0.000000 -0.788487 0.615052
88.000000000 -15.734145 3.907407 0.000000 0.000000 0.000000 -0.788487 0.615052
88.100000000 -15.679327 4.015069 0.000000 0.000000 0.000000 -0.788380 0.615188
88.200000000 -15.624882 4.122749 0.000000 0.000000 0.000000 -0.788274 0.615324
88.300000000 -15.570305 4.230541 0.000000 0.000000 0.000000 -0.788168 0.615460
88.400000000 -15.515966 4.338079 0.000000 0.000000 0.000000 -0.788062 0.615596
88.500000000 -15.461297 4.445744 0.000000 0.000000 0.000000 -0.788062 0.615596
88.600000000 -15.406633 4.553558 0.000000 0.000000 0.000000 -0.787911 0.615789
88.700000000 -15.351934 4.661547 0.000000 0.000000 0.000000 -0.787911 0.615789
88.800000000 -15.297170 4.769368 0.000000 0.000000 0.000000 -0.787805 0.615925
88.900000000 -15.242580 4.877604 0.000000 0.000000 0.000000 -0.787699 0.616061
89.000000000 -15.187806 4.985459 0.000000 0.000000 0.000000 -0.787699 0.616061
89.100000000 -15.133108 5.093348 0.000000 0.000000 0.000000 -0.787548 0.616253
89.200000000 -15.078329 5.201415 0.000000 0.000000 0.000000 -0.787398 0.616445
89.300000000 -15.023572 5.309408 0.000000 0.000000 0.000000 -0.787398 0.616445
89.400000000 -14.968759 5.417414 0.000000 0.000000 0.000000 -0.787398 0.616445
89.500000000 -14.914029 5.525585 0.000000 0.000000 0.000000 -0.787398 0.616445
89.600000000 -14.858939 5.633708 0.000000 0.000000 0.000000 -0.787291 0.616581
89.700000000 -14.803979 5.741816 0.000000 0.000000 0.000000 -0.787107 0.616817
89.800000000 -14.749192 5.850105 0.000000 0.000000 0.000000 -0.787107 0.616817
89.900000000 -14.694312 5.958442 0.000000 0.000000 0.000000 -0.787000 0.616952
90.000000000 -14.639328 6.066885 0.000000 0.000000 0.000000 -0.787000 0.616952
90.100000000 -14.584832 6.175141 0.000000 0.000000 0.000000 -0.787000 0.616952
90.200000000 -14.528874 6.284111 0.000000 0.000000 0.000000 -0.787903 0.615799
90.300000000 -14.477226 6.392645 0.000000 0.000000 0.000000 -0.789777 0.613394
90.400000000 -14.425982 6.502482 0.000000 0.000000 0.000000 -0.792257 0.610188
90.500000000 -14.374093 6.614460 0.000000 0.000000 0.000000 -0.795236 0.606300
90.600000000 -14.323198 6.726939 0.000000 0.000000 0.000000 -0.798554 0.601924
90.700000000 -14.273134 6.839315 0.000000 0.000000 0.000000 -0.802064 0.597239
90.800000000 -14.223372 6.950602 0.000000 0.000000 0.000000 -0.805672 0.592362
90.900000000 -14.173358 7.061080 0.000000 0.000000 0.000000 -0.809255 0.587457
91.000000000 -14.123538 7.168483 0.000000 0.000000 0.000000 -0.812766 0.582591
91.100000000 -14.074439 7.272495 0.000000 0.000000 0.000000 -0.816124 0.577877
91.200000000 -14.026609 7.373568 0.000000 0.000000 0.000000 -0.819324 0.573331
91.300000000 -13.979828 7.471009 0.000000 0.000000 0.000000 -0.822315 0.569033
91.400000000 -13.934497 7.565571 0.000000 0.000000 0.000000 -0.825063 0.565041
91.500000000 -13.890523 7.657018 0.000000 0.000000 0.000000 -0.827600 0.561319
91.600000000 -13.847556 7.744601 0.000000 0.000000 0.000000 -0.829940 0.557852
91.700000000 -13.805967 7.828935 0.000000 0.000000 0.000000 -0.832103 0.554622
91.800000000 -13.765490 7.909667 0.000000 0.000000 0.000000 -0.834124 0.551578
91.900000000 -13.726063 7.986810 0.000000 0.000000 0.000000 -0.836004 0.548723
92.000000000 -13.687967 8.061028 0.000000 0.000000 0.000000 -0.837749 0.546056
92.100000000 -13.651488 8.131965 0.000000 0.000000 0.000000 -0.839348 0.543595
92.200000000 -13.616247 8.200901 0.000000 0.000000 0.000000 -0.840829 0.541301
92.300000000 -13.580786 8.269841 0.000000 0.000000 0.000000 -0.842199 0.539166
92.400000000 -13.545286 8.339052 0.000000 0.000000 0.000000 -0.843446 0.537214
92.500000000 -13.509955 8.408696 0.000000 0.000000 0.000000 -0.844587 0.535418
92.600000000 -13.474412 8.478450 0.000000 0.000000 0.000000 -0.845619 0.533787
92.700000000 -13.439388 8.547757 0.000000 0.000000 0.000000 -0.846562 0.532290
92.800000000 -13.405721 8.613981 0.000000 0.000000 0.000000 -0.847403 0.530950
92.900000000 -13.373610 8.677545 0.000000 0.000000 0.000000 -0.848147 0.529761
93.000000000 -13.342877 8.738126 0.000000 0.000000 0.000000 -0.848818 0.528685
93.100000000 -13.313405 8.796158 0.000000 0.000000 0.000000 -0.849430 0.527701
93.200000000 -13.285427 8.851275 0.000000 0.000000 0.000000 -0.849976 0.526821
93.300000000 -13.258642 8.903857 0.000000 0.000000 0.000000 -0.850490 0.525991
93.400000000 -13.233308 8.953468 0.000000 0.000000 0.000000 -0.850953 0.525242
93.500000000 -13.208887 9.000260 0.000000 0.000000 0.000000 -0.851387 0.524537
93.600000000 -13.186086 9.044161 0.000000 0.000000 0.000000 -0.851812 0.523848
93.700000000 -13.164464 9.085134 0.000000 0.000000 0.000000 -0.852195 0.523224
93.800000000 -13.144081 9.123261 0.000000 0.000000 0.000000 -0.852578 0.522599
93.900000000 -13.124284 9.158727 0.000000 0.000000 0.000000 -0.852939 0.522011
94.000000000 -13.105775 9.191536 0.000000 0.000000 0.000000 -0.853288 0.521440
94.100000000 -13.088833 9.221274 0.000000 0.000000 0.000000 -0.853625 0.520889
94.200000000 -13.073222 9.247994 0.000000 0.000000 0.000000 -0.853936 0.520378
94.300000000 -13.059167 9.271832 0.000000 0.000000 0.000000 -0.854272 0.519827
94.400000000 -13.046973 9.292715 0.000000 0.000000 0.000000 -0.854607 0.519275
94.500000000 -13.036386 9.310734 0.000000 0.000000 0.000000 -0.854943 0.518723
94.600000000 -13.027456 9.325732 0.000000 0.000000 0.000000 -0.855265 0.518190
94.700000000 -13.019078 9.339573 0.000000 0.000000 0.000000 -0.855600 0.517638
94.800000000 -13.010917 9.353181 0.000000 0.000000 0.000000 -0.855922 0.517105
94.900000000 -13.002322 9.366925 0.000000 0.000000 0.000000 -0.856204 0.516638
95.000000000 -12.993865 9.380825 0.000000 0.000000 0.000000 -0.856472 0.516194
95.100000000 -12.985127 9.394627 0.000000 0.000000 0.000000 -0.856707 0.515803
95.200000000 -12.976421 9.408733 0.000000 0.000000 0.000000 -0.856943 0.515412
95.300000000 -12.967578 9.422579 0.000000 0.000000 0.000000 -0.857121 0.515116
95.400000000 -12.958666 9.436514 0.000000 0.000000 0.000000 -0.857275 0.514859
95.500000000 -12.949874 9.450652 0.000000 0.000000 0.000000 -0.857400 0.514650
95.600000000 -12.940825 9.464739 0.000000 0.000000 0.000000 -0.857526 0.514441
95.700000000 -12.931873 9.478669 0.000000 0.000000 0.000000 -0.857615 0.514293
95.800000000 -12.924457 9.490327 0.000000 0.000000 0.000000 -0.857703 0.514145
95.900000000 -12.918974 9.498865 0.000000 0.000000 0.000000 -0.857857 0.513888
96.000000000 -12.915134 9.504235 0.000000 0.000000 0.000000 -0.858011 0.513632
96.100000000 -12.912998 9.506766 0.000000 0.000000 0.000000 -0.858209 0.513300
96.200000000 -12.912917 9.506179 0.000000 0.000000 0.000000 -0.858475 0.512856
96.300000000 -12.914316 9.502855 0.000000 0.000000 0.000000 -0.858740 0.512411
96.400000000 -12.917550 9.496314 0.000000 0.000000 0.000000 -0.858974 0.512019
96.500000000 -12.922219 9.486942 0.000000 0.000000 0.000000 -0.859208 0.511627
96.600000000 -12.927587 9.476852 0.000000 0.000000 0.000000 -0.859424 0.511263
96.700000000 -12.932892 9.466702 0.000000 0.000000 0.000000 -0.859622 0.510931
96.800000000 -12.938304 9.456628 0.000000 0.000000 0.000000 -0.859819 0.510599
96.900000000 -12.943685 9.446717 0.000000 0.000000 0.000000 -0.859995 0.510303
97.000000000 -12.949026 9.436641 0.000000 0.000000 0.000000 -0.860171 0.510006
97.100000000 -12.954498 9.426551 0.000000 0.000000 0.000000 -0.860347 0.509709
97.200000000 -12.959844 9.416609 0.000000 0.000000 0.000000 -0.860523 0.509412
97.300000000 -12.965290 9.406527 0.000000 0.000000 0.000000 -0.860675 0.509154
97.400000000 -12.970600 9.396707 0.000000 0.000000 0.000000 -0.860828 0.508897
97.500000000 -12.974665 9.388514 0.000000 0.000000 0.000000 -0.860952 0.508687
97.600000000 -12.976946 9.383491 0.000000 0.000000 0.000000 -0.861040 0.508538
97.700000000 -12.977468 9.381458 0.000000 0.000000 0.000000 -0.861040 0.508538
97.800000000 -12.976310 9.382669 0.000000 0.000000 0.000000 -0.861040 0.508538
97.900000000 -12.973238 9.386893 0.000000 0.000000 0.000000 -0.861040 0.508538
98.000000000 -12.968546 9.393601 0.000000 0.000000 0.000000 -0.861040 0.508538
98.100000000 -12.963541 9.400770 0.000000 0.000000 0.000000 -0.861040 0.508538
98.200000000 -12.958548 9.408088 0.000000 0.000000 0.000000 -0.861040 0.508538
98.300000000 -12.953541 9.415362 0.000000 0.000000 0.000000 -0.861040 0.508538
98.400000000 -12.948540 9.422412 0.000000 0.000000 0.000000 -0.861040 0.508538
98.500000000 -12.943521 9.429680 0.000000 0.000000 0.000000 -0.861040 0.508538
98.600000000 -12.938533 9.437029 0.000000 0.000000 0.000000 -0.861040 0.508538
98.700000000 -12.933640 9.444233 0.000000 0.000000 0.000000 -0.861040 0.508538
98.800000000 -12.928548 9.451452 0.000000 0.000000 0.000000 -0.861040 0.508538
98.900000000 -12.923609 9.458735 0.000000 0.000000 0.000000 -0.861040 0.508538
99.000000000 -12.918668 9.465964 0.000000 0.000000 0.000000 -0.861040 0.508538
99.100000000 -12.913703 9.473179 0.000000 0.000000 0.000000 -0.860915 0.508748
99.200000000 -12.908758 9.480473 0.000000 0.000000 0.000000 -0.860915 0.508748
99.300000000 -12.903866 9.487667 0.000000 0.000000 0.000000 -0.860791 0.508958
99.400000000 -12.898850 9.494892 0.000000 0.000000 0.000000 -0.860639 0.509216
99.500000000 -12.893828 9.502052 0.000000 0.000000 0.000000 -0.860515 0.509426
99.600000000 -12.889051 9.509151 0.000000 0.000000 0.000000 -0.860339 0.509723
99.700000000 -12.884236 9.516414 0.000000 0.000000 0.000000 -0.860186 0.509980
99.800000000 -12.879401 9.523653 0.000000 0.000000 0.000000 -0.860034 0.510237
99.900000000 -12.874430 9.531022 0.000000 0.000000 0.000000 -0.859881 0.510494
100.000000000 -12.869592 9.538211 0.000000 0.000000 0.000000 -0.859705 0.510791
100.100000000 -12.864718 9.545473 0.000000 0.000000 0.000000 -0.859552 0.511048
100.200000000 -12.859850 9.552698 0.000000 0.000000 0.000000 -0.859355 0.511380
100.300000000 -12.855071 9.559951 0.000000 0.000000 0.000000 -0.859138 0.511743
100.400000000 -12.850246 9.567209 0.000000 0.000000 0.000000 -0.858922 0.512107
100.500000000 -12.845406 9.574491 0.000000 0.000000 0.000000 -0.858705 0.512470
100.600000000 -12.840613 9.581618 0.000000 0.000000 0.000000 -0.858471 0.512862
100.700000000 -12.835746 9.588827 0.000000 0.000000 0.000000 -0.858237 0.513254
100.800000000 -12.830990 9.596071 0.000000 0.000000 0.000000 -0.858002 0.513646
100.900000000 -12.826171 9.603331 0.000000 0.000000 0.000000 -0.857767 0.514038
